47.762705
24.757668
45.774565
35.681582
17.476275
9.932343
2.888160
10.374754
13.384992
41.797350
23.278486
29.342609
35.761824
30.157945
38.279396
26.590810
13.951596
46.379249
46.005862
5.752693
33.897054
40.160923
11.157240
18.289809
39.304517
11.021156
36.883860
1.001061
2.265721
19.548192
3.795053
33.602838
13.512346
48.476079
2.893033
43.420464
31.639796
5.462628
25.970228
6.719386
48.050496
8.282877
47.578467
49.156919
36.540735
16.544961
33.377920
1.818796
28.447498
2.297044
48.387264
49.646325
16.320490
38.682942
43.155544
29.504174
44.267887
35.800461
46.708458
31.282361
44.214663
3.777811
20.138348
29.946047
48.176180
14.768641
19.238818
43.398842
11.208597
18.050097
12.371830
22.125318
20.515736
5.106039
21.544993
49.040022
43.721345
48.922967
25.250707
14.101475
35.183954
29.507968
6.533262
30.618855
38.869695
24.158569
36.996444
18.363408
19.824634
8.025373
19.872523
23.987356
18.449403
6.484400
43.615523
35.876689
16.583153
11.023772
38.741691
33.248208
17.124503
39.278555
16.428344
25.383899
32.862520
14.164329
10.497748
5.945510
45.772528
36.714245
12.602378
25.580367
10.526498
4.033116
12.533608
15.487305
34.815290
2.797169
6.943991
12.545735
26.408286
17.111075
42.415379
43.418032
33.213860
17.382755
35.956332
12.427212
4.288156
23.866558
44.088783
37.974872
49.529217
25.222243
44.660401
25.796998
44.459323
8.646987
44.670555
45.858867
28.488105
16.407951
49.929537
30.173611
40.686944
29.753384
13.299384
46.580568
11.633903
1.264866
49.422124
3.207073
5.169634
1.444967
31.092856
26.680421
43.318104
17.316628
43.682973
10.891836
22.542988
12.579231
27.172696
39.280465
27.379335
14.112990
39.903742
15.066126
10.435778
15.182767
22.246587
11.308567
36.509575
47.225016
44.553583
8.145041
27.750437
3.607133
21.753942
35.935910
22.984508
33.247063
31.302959
39.799556
10.640122
10.940113
4.303368
28.450946
2.620332
7.367778
45.860723
20.427784
4.401842
17.464505
49.332193
33.975459
46.968502
13.065458
30.173734
27.171922
10.550345
20.991165
41.067576
20.787287
28.367233
2.744572
34.606757
4.543996
28.129608
33.164300
44.498370
42.183259
44.300285
44.385966
9.368141
11.326347
4.653709
43.438107
16.734483
13.608299
44.991887
38.775248
40.385279
27.676823
38.655800
46.461131
41.008792
32.507060
27.220544
7.428772
48.813734
24.534554
31.513378
13.188473
37.097331
1.385890
40.992388
34.719836
18.433453
23.380783
44.150185
2.634384
5.032545
1.764831
14.738752
46.032376
3.610999
20.368664
41.955372
20.707091
26.636120
49.139287
16.750350
15.731400
32.400860
39.879934
41.318813
19.108172
8.374110
30.847254
16.531608
6.547055
43.296404
26.804141
43.513359
42.495344
3.988048
21.388988
42.509941
42.777973
14.359392
19.207038
33.641199
14.145306
35.470905
38.213003
24.878449
48.456493
23.499299
44.404309
39.012673
36.652072
39.258693
1.743325
13.817205
13.933137
2.525092
14.563926
6.323824
6.334229
46.171584
40.333500
12.420650
35.076602
29.491744
48.041823
35.650760
38.033482
40.768378
37.506537
22.119550
1.926813
30.276985
7.973487
12.802130
15.959678
10.838454
43.555102
33.692214
21.867720
18.215726
14.743711
5.952976
18.291669
45.660797
12.356843
5.860173
40.017615
17.023406
41.570368
2.572477
11.170524
1.868604
36.079859
19.824193
36.931011
28.466245
28.181170
23.559353
37.184301
1.278343
45.670012
16.015335
47.744872
48.703115
20.987420
49.193826
2.968723
45.301546
43.560023
43.625552
35.500103
36.581990
36.756938
33.055403
8.756034
45.553138
10.196541
38.603359
19.598800
47.011455
40.520033
48.526967
24.816460
5.500167
3.367870
44.424191
7.203485
17.419872
26.922728
32.277311
33.618083
43.421958
26.955371
32.064361
12.310441
49.845313
11.426005
20.847556
23.464625
41.210243
20.166377
11.079709
19.331386
15.982497
1.704294
3.430527
37.183171
32.236043
28.641085
31.769302
36.827517
30.180549
41.889728
38.557246
32.992056
40.133791
23.341328
22.147772
32.541269
30.769953
9.197381
32.931249
20.938756
28.507062
30.215166
33.439120
11.893751
5.284776
19.358230
13.921659
36.328801
19.033274
34.563048
27.268287
6.037253
9.414548
13.665848
49.789664
26.327547
4.922485
32.314672
17.502843
27.126081
9.065675
35.769076
47.472271
46.649240
23.562598
20.942675
31.506712
36.595951
5.702575
48.665539
11.613710
30.903577
30.788185
49.154834
10.842344
13.910140
44.761657
42.025663
39.533488
13.274238
26.433411
11.902634
18.438326
20.022175
16.917610
27.794798
3.366204
13.710303
16.132428
44.387092
9.960019
1.318912
15.179247
19.310919
2.116950
19.034311
4.040445
17.339457
38.180314
44.938014
16.867173
28.490176
22.153016
22.186025
11.265882
26.331327
8.723205
23.560425
45.296643
22.327181
11.188214
16.623917
12.311975
17.361664
37.506802
29.578696
30.044820
34.914444
31.797730
31.433711
42.060117
45.184056
44.335307
8.332078
12.251851
46.473341
48.422045
17.326157
20.016487
10.434432
45.547066
26.031682
35.684413
31.928187
21.269261
2.575057
12.603214
4.231998
30.014916
26.478645
12.718753
33.781274
28.504913
2.979254
4.270618
42.554813
49.391796
49.912588
14.171918
21.093025
22.520408
7.997165
21.632492
6.146429
35.872490
11.572937
38.796908
41.004566
28.791260
25.693733
13.287948
13.626146
21.968210
28.234701
16.872635
17.676438
2.603518
35.178766
43.530168
4.937249
32.140213
45.099267
18.083687
17.600847
34.700252
36.511233
3.814384
11.120532
46.306394
7.773818
25.422105
28.220365
1.153292
18.819889
45.809411
39.215843
38.675509
33.999514
9.258275
17.808625
23.915635
17.189153
43.632130
35.503220
35.701957
37.839641
49.410383
37.813872
7.399767
41.281943
27.098104
30.591634
12.392544
23.285116
3.777816
38.664226
29.263230
27.615441
23.790901
17.038692
48.640453
40.237417
16.526591
27.479964
20.608836
45.505822
47.574048
42.191496
11.226578
41.791847
43.782845
5.424278
29.777735
46.450518
3.543152
31.343453
26.779602
40.440382
28.463843
23.898755
18.327809
8.968450
13.495776
8.162555
14.362781
46.960396
44.912968
42.334822
29.434783
1.407469
19.799684
37.842065
13.040537
21.419958
40.326155
17.910698
11.530280
17.484723
5.707338
25.615883
28.515584
33.842503
40.422255
19.929265
13.220137
37.355743
11.917004
25.654000
47.947331
42.174431
49.390614
46.178219
45.218418
14.743852
40.258390
10.102057
27.253983
15.176298
17.893478
30.679307
43.874032
43.499145
9.484785
35.096874
23.361800
15.638223
7.643633
44.124112
17.126139
23.702253
18.358882
43.877805
24.711290
14.778727
32.198905
36.065468
3.803903
37.785347
40.046611
33.759094
19.546002
48.737542
48.726281
18.137509
40.601745
14.099892
5.493835
7.735854
40.009824
14.840791
17.478101
27.842381
37.343032
2.599456
37.415473
29.939691
45.876692
39.469561
34.770299
46.268064
7.340076
35.930123
35.227121
35.082804
29.817404
5.756895
47.060413
12.582774
29.137501
14.130584
40.333814
36.540355
47.968446
1.573261
24.716498
24.896418
14.754255
44.226068
3.476383
35.623960
41.425802
24.886679
6.437609
41.976856
5.417470
16.116922
47.527324
9.875910
31.938482
10.757220
48.312010
10.756032
23.985182
7.508694
10.785013
46.905562
23.140683
29.661593
45.302485
32.431752
16.141502
28.705717
23.615660
41.729316
38.576671
36.878622
3.747443
36.387185
32.458749
34.007190
7.154736
20.179569
46.471084
24.326784
32.723881
5.723548
13.259746
29.027266
32.159307
13.806161
39.541104
24.834346
19.121421
27.208645
23.997064
2.511729
45.740230
46.981895
39.207767
5.664724
44.008335
20.740311
3.189100
47.378670
2.129457
49.516458
23.688983
46.387859
42.858249
49.069191
15.003245
28.363151
47.158177
12.314819
36.039396
8.052072
39.301801
12.415291
23.123546
15.300712
45.489729
33.935417
13.003597
3.689206
33.077778
34.917090
29.678824
5.160129
42.895500
35.601648
34.688471
22.890503
6.933239
35.970580
21.987242
31.584445
15.972609
34.688189
6.558253
10.877798
24.536111
3.242317
41.311534
14.864080
7.282921
22.629972
13.669699
27.880775
25.334970
28.131506
28.672524
6.243399
34.101699
14.431102
16.106084
47.284730
7.374024
5.827475
4.398891
33.723006
44.656694
10.650393
49.730323
33.386315
44.550194
16.322975
37.157832
31.820765
26.513866
37.310358
3.968896
43.095802
17.334056
48.319900
4.361060
9.557678
38.281325
43.502172
2.574765
40.576587
9.904312
33.205413
31.205879
3.689892
45.273671
38.848817
22.641775
42.968108
31.390207
44.043002
17.441649
23.352577
6.436760
25.067132
4.440838
39.207053
25.243126
25.706071
46.104917
35.706523
7.898700
24.282764
39.745693
47.919794
30.387950
24.706183
42.520303
32.515236
9.166626
3.114136
25.529583
34.580248
7.014338
45.751470
4.131594
35.663095
32.539302
41.730822
21.623642
29.058227
8.360973
24.982639
31.228830
20.359264
11.004174
16.216120
38.253661
17.178709
40.246466
32.136166
44.060959
48.420211
29.320728
28.821589
23.623246
18.104721
36.353090
37.027913
35.482215
41.365804
5.917386
47.315068
4.538213
2.769134
25.460395
43.856450
28.585127
42.860207
35.273244
19.835987
44.122559
15.624993
15.103386
28.949748
17.679531
36.570527
49.606424
23.895049
13.892604
34.384182
41.599016
48.622615
17.107199
43.445837
36.917412
17.691618
26.947174
21.010684
28.463873
9.268065
13.924101
41.478589
31.258088
45.401934
14.834219
17.346837
49.037166
1.947110
2.782013
2.543653
49.619875
25.011070
37.439058
16.077544
27.227583
47.262613
9.241281
44.069328
41.278530
41.311512
24.444513
33.660999
13.188555
49.717700
32.700610
17.270013
14.723426
1.444265
47.660441
8.958985
32.137753
49.023691
41.078932
33.311539
46.381274
38.844251
21.279774
27.075979
22.913375
35.573815
41.352188
49.721903
16.752210
28.470574
36.874791
37.597358
21.381900
45.371876
28.145546
30.247683
34.629527
43.645294
12.327828
14.466004
33.414468
30.879088
28.708570
38.739351
3.621350
19.394320
41.998479
36.276706
38.241002
44.950334
24.179741
3.495094
38.213379
30.086546
15.264516
42.168462
48.159897
19.762009
13.734760
4.958142
23.839752
7.445506
29.149860
25.212929
19.154111
23.917132
29.545491
41.552379
17.598211
41.580358
34.347676
39.605871
27.609528
24.690563
5.044069
41.014573
21.379329
35.743199
46.974671
1.248044
21.551838
31.053553
24.758211
6.439405
33.847202
40.909559
26.917036
8.391920
40.736359
26.861946
21.821804
13.722194
14.319259
29.808068
33.795148
6.928471
48.566881
10.090438
42.235620
2.371759
15.805994
34.749643
16.220103
45.089306
33.441013
44.698791
24.976902
18.148471
23.973150
27.043127
32.136461
46.490429
10.197642
48.404526
27.903912
28.848043
49.869287
36.788287
19.132795
27.133184
15.709028
17.338246
32.995452
33.088726
18.919890
3.260765
48.142638
16.484595
17.464134
40.846451
15.534538
44.494297
47.459436
2.455447
25.276532
28.684887
4.662508
39.474290
43.647219
26.335960
46.304130
48.322123
25.861409
22.856028
6.264166
45.014926
5.312675
24.688062
17.310937
37.074676
41.608099
30.215749
18.275419
29.860238
46.832706
37.588600
15.051893
43.784482
6.305964
33.347586
34.613438
38.060622
30.252216
21.692459
16.493188
26.511626
11.263461
19.328662
6.368575
1.687766
28.973556
16.337240
37.099815
19.373088
31.735716
31.492279
9.180598
40.115544
6.514955
33.624938
11.520525
6.744739
41.838162
19.328672
34.514340
26.345832
9.104504
47.162821
37.190683
12.000392
23.068613
26.857199
25.515342
46.341179
29.103813
8.205141
45.562191
40.919113
25.535576
16.661989
5.845160
46.415047
49.880400
17.410518
14.791508
10.683403
8.444622
9.260952
26.990405
35.763723
15.033574
1.472842
28.882635
46.159539
37.005849
37.716051
25.386124
7.812649
29.454487
40.563010
12.151251
19.033486
4.858928
38.942435
16.968980
42.350430
7.300384
9.230510
21.912255
28.001950
39.856567
16.285103
21.196405
16.476482
9.796032
5.916280
48.936057
15.703933
8.805465
17.495419
39.270061
46.307748
44.522677
7.842711
18.706492
29.360570
13.614404
11.847530
35.611873
15.724766
4.283170
32.437222
2.088846
39.394994
40.651666
13.837021
31.248570
14.543369
1.075557
42.718229
44.773250
19.779678
20.792153
18.486248
28.499839
48.805506
37.869241
41.997819
45.080086
44.872738
45.444415
16.697849
32.002757
31.804355
25.646070
34.464122
41.405354
7.550450
5.587942
37.992609
8.943535
47.533323
40.227351
8.491792
31.505169
34.054962
45.314002
28.723463
11.286927
12.541493
24.079910
22.333736
1.938573
42.793842
10.596923
23.565015
47.416110
9.513399
35.604766
15.417756
31.959836
11.495349
22.652558
44.312556
47.301063
25.792584
18.650278
37.644934
34.596142
43.926077
32.560913
49.566663
49.474600
8.049888
40.808886
47.558992
28.941342
17.903732
30.963889
22.629269
19.985345
6.583203
29.574450
6.006578
46.032913
13.802077
40.593467
6.717667
36.847193
18.807773
4.703025
45.040309
32.912989
32.496927
12.745321
36.453658
13.853202
21.810001
17.535529
26.011631
23.960986
7.301893
15.892827
13.884758
48.854058
41.826348
23.481976
26.531269
14.742659
29.701786
25.540599
37.447681
28.800962
4.255588
10.016922
30.609244
43.889989
35.155823
21.050201
12.150391
4.581947
24.666433
46.352912
35.546311
47.621300
12.905865
11.890806
44.110422
13.809252
32.700664
6.720067
40.944013
44.741531
41.076734
47.600860
36.309846
40.850420
18.365009
40.000386
19.216599
24.761707
43.135703
6.535071
23.188331
7.151512
16.650254
45.791929
32.970795
10.788507
19.738200
48.131411
2.846656
46.764607
24.495342
43.711802
47.991178
1.320199
2.852535
39.151754
12.126481
35.254144
27.260333
44.579837
22.575686
26.043257
46.974296
49.950897
14.096671
49.537943
8.877471
16.197110
20.986384
40.496873
23.637887
38.726944
29.190241
24.193002
40.925882
12.770816
10.690754
24.181850
6.615685
21.393419
35.848438
15.447683
49.443584
31.588175
22.600625
33.205801
16.994608
22.805842
43.240504
26.573829
12.246119
25.121978
1.907342
45.248796
18.457614
33.881111
10.852004
3.336806
6.546631
3.353299
40.169842
10.036054
41.378835
37.737013
35.371280
23.765897
24.823243
33.149734
47.845103
8.702811
25.309182
48.513059
10.126069
45.990719
40.820628
16.627566
28.388538
37.942070
28.671374
43.445873
13.415237
19.442381
28.873149
42.059195
18.021969
4.612753
35.805771
38.709777
24.568465
14.272881
38.892560
34.309652
37.398672
40.082873
36.034025
44.886518
37.436250
47.661728
22.230080
35.444414
45.058616
29.868810
44.386156
17.588563
48.377306
5.642996
43.529031
19.595745
6.837138
31.999594
15.506310
2.393411
37.817945
8.878863
49.376379
38.943520
27.578921
19.000831
18.063524
3.393321
43.457371
21.719999
6.971174
5.604527
9.759429
3.176278
6.020038
24.848572
25.033864
41.500614
36.733921
21.257116
32.978109
23.167365
8.764424
15.116185
28.652759
32.102269
1.574858
13.054478
11.692176
21.428152
10.029739
3.530927
19.357265
38.184549
28.865338
40.053855
28.952436
23.599018
25.692007
15.684739
32.062028
43.154229
20.421724
24.864593
14.741326
30.449164
43.658662
21.687917
42.731768
8.070755
48.106545
28.310504
3.336659
44.871153
3.792909
16.651070
40.313451
22.393407
3.103935
10.922173
21.283157
37.887870
34.439159
15.669267
5.318116
44.107120
47.492219
33.660547
19.560299
5.505284
11.656799
2.623971
19.189717
41.743954
22.431150
36.481438
32.120979
10.483749
30.871889
28.875266
45.354437
6.686414
15.639276
8.849029
36.445518
18.709056
41.274366
11.858645
14.449375
38.702246
42.895313
10.174170
41.369171
35.342254
19.996896
35.954433
35.178641
3.937098
13.679628
35.224569
27.680402
30.399501
30.225051
17.311467
7.493399
2.239787
23.249787
12.239608
38.325270
15.371940
18.085845
3.893925
43.623698
29.649600
40.920864
9.752546
8.445761
2.992720
38.892804
49.534873
40.774515
33.914781
9.691032
16.246121
36.439982
38.520623
33.111318
32.449079
49.202446
20.926999
1.050376
20.311834
21.918214
13.254925
39.814464
14.520176
33.314318
4.063868
49.841610
42.893391
3.744760
12.591405
48.582760
14.518465
11.729064
42.970883
18.877621
30.037601
7.661388
24.665688
16.273015
34.447741
49.139514
13.189885
28.018050
23.988651
29.545086
49.536305
49.822903
17.979085
31.238541
48.260072
20.007310
16.268172
44.027882
28.839213
10.412448
42.474689
43.591349
2.721982
2.256723
21.157363
49.056541
25.414471
12.998500
18.725044
37.483619
4.426333
37.972977
46.254681
12.008715
31.111836
5.396905
44.272265
43.570955
45.494928
9.746667
17.716233
32.296939
41.639384
7.418165
28.698059
34.466808
46.334446
17.876863
30.748145
12.275354
35.260286
40.441078
44.827515
24.619012
4.305957
5.827932
9.954254
19.643732
5.046622
45.784821
24.214586
28.423225
43.775019
21.121772
5.869796
7.866184
19.047308
31.229484
4.348647
2.770725
35.556571
34.992527
24.418765
14.863206
3.288349
12.466094
43.600053
37.742045
43.628136
35.913219
36.252164
29.344163
47.101755
42.780038
23.597921
37.047271
48.753241
1.055498
16.339538
33.919682
37.677143
3.621651
22.974280
8.048639
28.918779
41.459303
19.293850
22.757086
31.078924
2.153894
38.729448
20.856787
26.148971
27.855895
12.144523
11.161482
49.948988
14.317920
18.475893
11.120636
33.355405
17.706192
27.817402
39.364413
41.497294
29.352800
15.737420
8.411726
43.483428
22.169393
5.920019
37.915283
33.242904
37.354564
23.337497
20.549106
36.967563
6.259467
7.677047
35.776893
45.469797
36.272316
1.608935
9.520302
5.188714
37.349292
11.880045
8.189860
3.291478
21.201880
8.848315
30.076958
9.676041
39.249810
21.818557
6.129836
38.503238
37.533685
40.058247
19.457535
18.412381
35.464213
5.748845
8.036233
16.583539
18.925239
32.740766
46.466551
2.508604
26.481926
9.535113
27.396466
43.366016
25.858386
29.152810
12.096330
34.417142
10.778113
7.978443
10.911143
27.578787
5.264582
45.640873
3.765108
17.135143
44.682008
2.836988
41.670524
17.436260
46.046410
6.102608
7.801294
31.377045
37.316694
10.035421
37.400378
40.118093
2.189244
7.956021
5.678126
27.888640
23.286126
35.875126
48.485354
29.450640
17.579013
18.546038
45.682121
1.146170
17.037460
34.281313
42.116491
44.150543
47.505629
39.060128
3.672104
23.378757
38.840737
30.147256
25.517042
16.120715
8.233744
21.968262
38.194815
12.347230
7.622235
6.373485
17.576102
13.321276
20.760006
31.190768
8.024556
2.584066
42.374322
30.074880
7.719056
32.669444
35.236045
23.030530
1.533978
19.556700
45.467187
31.721783
43.396605
13.391304
30.704634
36.719503
18.029070
26.793337
15.296809
10.835188
21.504775
8.479722
48.676659
4.067025
47.747078
8.261484
9.289201
41.358272
21.869820
46.075570
29.186994
26.219821
7.277373
24.993509
9.391948
38.892244
1.147204
28.750454
48.199244
40.578620
20.828875
49.127443
22.224393
20.622288
14.140175
41.309431
1.460428
32.112861
23.395527
6.081298
9.490512
26.450682
19.383793
6.418196
25.787174
5.150122
15.847615
40.397115
24.174518
36.560088
39.856817
26.022900
19.665233
31.834166
8.359350
15.328109
44.850981
29.052731
47.151661
25.034215
43.311730
21.231136
45.661448
27.861788
5.491315
38.565319
2.625287
25.051808
49.036559
28.297985
11.619893
30.963267
37.721635
31.616450
13.295760
24.686455
24.649968
32.043808
16.314351
37.733253
36.170208
36.372008
7.014717
44.919591
32.259601
5.644740
3.936747
23.530834
19.056326
36.468057
12.789520
37.905986
36.647319
2.789031
33.088145
33.070871
43.746108
49.092313
42.748925
30.843899
46.936041
44.235899
37.148789
36.274184
45.195135
25.958137
14.895455
23.979081
7.690154
11.170033
34.624698
33.032137
20.393963
43.952187
42.069527
42.489168
16.080684
6.521684
41.468260
34.519562
26.498731
26.468876
31.070917
38.569495
8.708408
19.366071
10.932122
42.636986
26.913031
40.028793
15.170571
12.245423
9.202438
25.715765
23.008574
22.161115
19.667612
34.622386
30.908302
25.817835
32.346626
28.767297
20.443944
31.906618
15.149092
46.507419
48.263505
38.230375
4.530948
13.062462
48.203367
1.549536
2.172788
4.833185
5.124976
10.805263
18.283184
44.629897
10.053677
2.713012
15.534199
32.480899
32.829901
22.385822
47.261200
19.225999
43.780016
15.305822
33.924938
37.981867
39.692988
32.556774
21.075690
33.194290
13.789633
23.366419
45.064197
5.396978
38.099588
28.011815
40.004884
39.128711
45.056581
34.016433
24.949100
8.467989
44.702260
21.017099
13.617865
9.379401
5.990336
4.489410
15.411006
27.865281
34.522658
8.403251
26.984400
30.922876
31.021803
6.860353
24.804439
33.100257
17.876268
1.574254
22.470528
23.831062
23.245986
3.388475
4.627480
21.075103
21.371448
5.722660
2.198965
22.647944
49.630441
27.252993
36.010274
19.947519
15.355508
19.383133
32.277102
22.965416
46.976523
3.212618
35.410825
34.053333
22.625376
3.830623
33.995386
13.244096
8.090515
6.074410
21.419054
17.337231
37.384985
25.977228
20.691218
35.751077
4.586867
13.283929
7.718000
40.632627
20.990778
10.000728
49.023008
13.362154
26.186988
10.173659
10.190535
9.411436
44.215274
7.966142
45.653772
11.342239
42.648382
44.970032
35.684133
36.431398
38.927488
31.373282
28.518127
31.735710
28.238111
24.358298
2.001398
40.294008
15.296477
24.809075
8.240777
7.636951
26.055396
17.159663
39.955134
34.241169
12.494721
49.283711
10.225370
6.321530
10.780001
43.434142
37.654683
41.696814
6.173531
39.550719
20.316787
19.935174
35.572959
21.166622
29.634214
47.329006
12.354035
9.911855
14.130435
2.490074
20.578324
23.532650
5.975769
18.326097
26.051009
11.553452
18.313352
15.389581
40.357982
45.458837
4.760373
47.500963
31.670082
32.855456
42.783059
42.757782
32.654780
32.009629
2.082777
27.342370
5.058402
2.044141
23.997803
42.887476
29.510831
47.271954
35.373480
7.077566
4.276323
3.359879
42.537513
44.154462
45.328730
26.132132
8.002125
28.182635
47.931501
4.764941
15.740358
37.643534
9.953796
38.228088
25.953467
20.607635
17.466921
48.659276
1.156101
49.612346
31.181734
9.908440
1.014827
18.167809
2.367307
42.471169
26.658199
28.183827
31.112479
27.504315
44.294847
36.181567
48.740522
5.731281
27.396836
13.535624
12.086074
4.548442
2.193048
31.964025
16.420992
40.283447
30.372914
16.422073
6.602409
22.198348
39.812048
37.823374
19.144117
48.164218
13.658958
32.936403
23.551101
43.688362
33.990771
2.326118
2.283971
14.254970
14.449255
39.863636
12.489319
17.083845
35.063685
43.623699
45.089353
32.782886
17.599778
44.701109
5.659368
38.056197
11.104055
2.790385
33.979960
23.845565
15.154329
11.654080
18.649693
10.174941
38.144818
35.802170
11.733762
48.216862
23.576406
38.432097
12.917442
32.040630
12.395127
20.348419
19.764783
23.719984
5.270318
10.497915
25.302679
32.446337
13.716055
12.635360
40.089070
44.436375
33.990193
15.345829
3.429891
33.913556
17.362404
40.431947
25.768054
4.502030
33.041326
28.211869
28.284563
14.560652
49.852860
20.575507
8.093954
31.336590
26.429723
1.058960
25.981943
31.574867
22.765161
9.786800
44.594548
1.940862
2.200304
19.134399
1.173293
38.118733
37.160439
13.641074
6.479965
27.491548
28.734086
31.086551
44.997025
26.750159
23.638109
49.545536
24.506317
7.164893
22.081564
25.886377
24.199364
19.162688
43.663347
10.617176
27.357000
25.425598
47.696878
38.674859
30.838432
4.067094
27.862113
43.740882
1.789948
28.788876
37.639266
49.340948
21.276800
38.801478
48.970471
3.307034
15.183211
2.168295
41.073132
14.836149
6.886168
12.464197
10.442061
44.721707
37.082930
43.453239
47.837246
11.503143
18.403652
46.038825
31.933066
29.395714
33.971095
41.573486
36.118045
46.877826
48.778612
30.574343
22.322685
42.166378
18.200967
30.177141
47.598123
37.692362
36.460018
16.670489
11.466133
18.719026
1.017637
47.203468
12.350482
2.771623
39.001082
48.879944
20.280974
47.219276
17.748863
26.186710
32.404970
28.257502
34.065266
16.178726
3.908956
13.592165
46.532177
49.934424
29.667748
39.771298
4.362641
40.287174
25.526054
44.021487
33.824218
14.935729
2.827084
40.546336
1.638103
28.408540
3.150373
15.494570
49.962523
4.324985
47.569204
7.823440
42.630562
4.127052
15.397267
30.044465
39.328872
15.006606
8.879930
23.908387
31.204879
22.561614
10.631188
49.850787
25.856619
35.874723
6.690742
3.600098
24.007810
19.013364
24.302790
16.421439
40.053620
25.574556
30.117442
49.097549
10.119922
46.507251
36.713815
40.854231
16.678896
22.551766
9.208717
37.275863
21.805361
44.736470
34.416607
28.057254
32.132671
34.240127
33.937356
22.099669
29.211059
38.854101
28.242393
34.703378
28.223541
27.017072
10.105831
8.876688
25.078668
30.442144
38.203883
16.032582
3.257125
33.355150
34.459169
34.972007
46.219750
42.943786
43.208125
27.234041
35.703413
26.126494
44.133117
49.845372
38.521262
21.220137
26.622541
39.808617
21.263861
17.966143
39.449474
13.674340
5.784760
17.838796
48.343999
1.842035
34.048918
33.349175
28.637177
31.378089
10.524905
31.057406
7.205532
19.983266
1.134925
18.775473
15.485915
5.538978
1.992589
47.167366
44.275328
15.811307
19.075704
19.134495
23.671759
26.024500
41.002347
21.363104
17.155692
46.763599
10.697907
45.080400
28.157853
4.674556
47.264250
33.898693
6.453898
1.548623
2.561426
36.259758
3.707688
12.902267
23.953574
8.697168
7.341592
36.417923
29.096973
31.911449
21.201150
8.041050
16.705436
45.799668
25.454840
5.500777
10.987725
40.275225
28.277100
10.216426
15.220571
36.776466
18.396879
17.137082
46.350963
30.003536
19.055517
48.406390
33.591433
2.448711
39.195725
39.146024
40.939652
43.152700
12.944512
11.846342
35.552109
14.185780
3.733291
28.446719
4.817536
2.850298
26.656373
21.211897
22.109709
44.905676
19.664411
6.553086
36.878103
3.591127
3.877524
6.095539
35.651419
38.053861
25.037164
32.927555
38.870845
18.919436
24.781032
44.604348
7.493740
44.185727
35.193295
30.551717
9.620943
47.993870
9.721284
7.042473
3.979284
20.102514
37.927448
32.136310
1.154075
38.735916
28.975431
29.797029
15.275433
33.317155
3.809503
1.617677
38.364880
46.495942
14.097309
19.262852
9.313332
38.891082
16.547332
5.608154
42.807619
17.056682
23.723645
10.921882
24.243394
46.395122
47.024760
26.105366
6.380880
38.463040
15.537717
36.424783
17.561867
12.678791
7.129292
23.273746
30.980046
3.614183
6.804410
6.318592
7.677644
10.710889
36.541658
30.141073
28.410063
41.391622
33.638104
31.189426
12.948238
35.717317
34.928557
18.416238
13.687832
43.578660
38.000844
28.699823
10.276247
42.218194
7.361617
43.170039
29.747361
35.439244
14.818255
9.936058
26.565561
23.250917
28.218677
9.298921
43.336249
18.851419
42.135092
11.795967
49.866117
34.052801
31.887902
22.645527
44.036692
25.256555
17.788500
11.088876
26.130801
37.140482
7.269056
12.939930
4.890636
7.820406
14.534707
5.555091
12.470532
44.338525
46.695263
48.366368
36.681577
26.174113
43.373930
48.746656
32.615716
9.193433
41.062553
39.767124
15.445603
16.934686
19.005953
21.352109
5.109864
30.599149
6.881274
23.588867
10.100341
30.200774
4.598866
12.464976
25.018027
28.202277
20.491029
26.673194
28.077508
29.018093
32.774066
18.689804
5.104312
8.354004
31.144320
15.508160
10.272879
14.687801
37.617910
14.424477
14.654791
6.248650
33.085215
3.521883
47.196625
9.861065
14.063475
46.009634
26.725264
19.429192
9.066688
22.931040
45.834391
9.411658
43.359193
43.548927
8.625227
34.587233
32.276634
42.912682
7.947335
12.341906
48.543684
34.471112
35.448722
21.717739
29.784145
36.610514
5.843350
20.500333
26.204118
18.807143
4.437819
11.333068
19.242689
42.359114
27.151800
10.751921
7.989441
32.328186
11.717938
49.574957
9.781860
1.522182
1.509670
24.684279
48.912927
15.502776
25.203039
48.729872
39.415378
42.246533
49.126513
29.879550
22.910821
25.207795
34.044512
40.841297
30.556749
7.349183
11.147342
7.127880
15.282483
28.227573
43.737248
2.779706
5.132595
24.684968
27.639341
49.504556
11.865251
29.916700
46.909337
43.719506
24.809658
20.645944
9.524269
26.147132
48.788466
8.602886
47.781726
33.901412
25.626013
6.802104
41.386049
1.569231
19.057446
49.314015
14.300782
40.626156
18.747831
49.447212
36.844954
3.868486
14.093421
24.007738
37.677142
10.209705
37.484057
13.464166
6.041254
44.268618
5.746327
29.803060
39.195219
44.930913
9.516415
41.705982
3.978134
49.508078
20.072550
35.663705
25.310187
26.462396
22.365754
10.857025
23.201126
2.532234
18.678322
6.130359
6.926486
47.853877
41.558540
38.306810
8.655193
30.265575
47.331266
26.956082
39.149685
31.769888
15.460103
38.331733
26.833615
49.319277
11.119526
33.782956
5.547908
37.359072
46.081817
20.220812
35.680267
34.851253
49.099594
26.931663
26.971133
46.160464
3.557727
5.376700
14.165158
45.223271
9.851282
8.127205
28.218653
25.612884
29.103159
5.410939
42.483001
15.742426
37.563679
14.731087
3.104824
23.002805
15.959645
48.992387
25.400280
18.989747
34.525690
14.956736
9.108162
27.074210
16.464408
9.799504
15.017835
27.096155
36.041216
15.689057
11.022904
16.536552
20.504154
44.927323
35.497076
7.925168
43.362820
30.564193
7.055612
15.237019
43.495210
2.962848
7.379347
11.163955
6.385845
42.288909
3.368687
37.915656
16.013826
2.088312
46.781732
8.166212
17.997196
25.180242
49.607043
38.101294
4.539126
20.653086
36.220581
35.839456
22.005380
32.674884
9.762248
28.421558
45.594406
10.850316
20.223656
18.684818
20.499676
14.046161
21.666612
39.714015
45.505296
30.434582
22.684210
2.246002
31.085323
25.355720
32.781057
35.863323
47.672607
47.259966
6.497997
29.679774
32.333217
47.350426
26.265458
43.742051
31.800614
1.648241
8.024604
32.210973
44.373587
5.974839
12.521804
22.624739
5.885325
6.407326
35.028114
47.169067
4.484744
11.070655
4.824711
35.912885
33.193939
30.727193
47.087238
8.596044
17.026565
36.117509
46.915724
42.544286
12.210247
3.725374
32.652634
14.614025
49.958452
32.623565
43.869594
47.242744
44.915771
22.120708
8.662236
24.012091
34.610891
35.537888
43.583945
22.784947
32.722670
36.478640
13.683002
7.553363
15.823984
14.961782
13.489268
28.971474
25.107325
27.368818
10.952603
12.209889
11.393204
37.922250
1.994740
38.529412
4.523146
19.608566
27.971223
29.906841
43.146615
22.925765
5.281197
27.831216
5.151462
2.045711
17.870422
16.326445
24.440997
49.524345
33.288295
44.159975
10.908292
45.838692
23.369647
5.390286
36.784761
37.935061
28.936645
26.318264
6.291470
15.281703
20.982454
3.011263
3.544749
11.491519
14.087788
44.267220
14.713956
39.071465
6.534665
27.496025
34.516339
48.306052
48.670443
31.168351
49.852249
42.357485
20.344424
40.811805
22.535868
15.993929
49.258745
16.803012
37.376032
34.027487
29.098107
1.066088
36.669220
30.182386
17.373080
38.533415
42.466730
44.139704
21.704566
12.518274
27.207033
3.244899
15.809779
1.452460
1.613694
15.369323
10.166617
23.475698
46.179816
31.833039
40.372659
27.993722
9.482475
5.363120
48.381235
21.641797
24.406583
27.871881
45.694277
15.170442
39.524053
11.736022
25.923287
5.929665
10.932095
8.169805
29.357258
34.155997
38.649468
24.955757
41.861401
47.202831
25.293823
28.082129
37.947992
44.827440
30.716414
26.620106
20.155321
14.705708
45.169369
12.719882
17.544246
19.054349
15.164571
35.036963
32.047975
26.389670
9.484825
17.363347
41.774891
2.037604
5.675506
9.618044
1.058624
46.333376
13.431969
12.534337
19.613881
20.206483
7.849787
30.166004
32.527213
13.353191
34.291339
26.519009
43.864809
25.477571
4.230211
11.949735
39.097973
10.459225
29.328501
39.301782
48.514434
43.334311
25.934257
26.656397
4.165737
38.314215
28.235328
40.326779
33.181144
20.185408
8.160588
30.199125
22.806727
27.065806
22.971438
27.337670
32.519091
17.023799
23.549078
32.724544
45.021029
2.728519
30.447156
23.094406
43.329547
2.434713
22.234624
49.836157
10.288864
13.534600
36.247684
14.510008
32.435455
5.716553
21.645065
48.974242
27.417460
17.162833
33.238576
1.392334
21.877666
4.104026
42.259639
13.279304
36.415941
12.173955
40.522725
49.476745
21.684661
38.757142
11.540002
37.904144
40.716620
26.481006
22.760532
2.531620
38.899259
8.981104
13.619499
44.590831
20.759134
44.946965
9.662318
8.862138
28.542954
