31.798455
35.823638
35.700133
7.017095
16.968095
29.095929
20.481822
35.900261
36.845892
5.610174
35.620649
49.324808
5.950835
44.187837
7.352796
25.708729
43.097100
4.372177
13.017121
38.659287
46.585501
27.171587
9.474522
6.256176
33.766078
49.373581
12.749651
40.728717
20.893955
18.531081
32.229430
31.555368
17.315749
25.876589
34.049331
21.292028
14.973920
28.016968
12.172679
7.284663
13.368642
42.538821
5.828654
22.260544
12.518083
42.842416
1.254151
20.814709
26.929789
24.311176
23.053859
28.421997
47.209374
46.223733
7.806345
1.572263
28.124701
9.081391
2.561750
41.106113
18.544261
1.697981
10.427891
11.940400
7.810766
35.593409
15.455033
25.841941
20.791074
31.927860
40.604081
29.672568
41.735108
49.015382
29.388551
15.658830
45.582400
27.182948
36.651472
31.038163
9.266187
30.372277
6.933390
25.340188
37.717923
2.391162
14.279597
9.055613
21.295615
4.454367
40.286034
8.472237
10.435049
3.974387
31.291476
11.869108
15.499631
41.558280
36.992690
18.463302
6.801662
2.106513
24.811688
26.643610
11.557073
39.529864
39.722065
24.342310
39.935161
35.855918
16.227727
23.087003
29.194947
6.360913
32.356189
7.412256
16.589805
2.985056
21.794919
49.265402
17.162110
11.922053
34.000033
28.419387
43.005277
4.666719
45.976976
4.356548
2.198977
21.934191
47.824589
9.850074
46.560776
33.362344
44.126661
36.228484
33.965198
8.064433
