28.377986
37.215737
19.190855
6.918027
33.611681
25.852014
9.356043
16.567262
16.708872
7.470760
40.353129
11.822714
4.449105
14.279755
43.053227
29.314628
48.073983
36.486902
12.701457
26.970666
24.971730
22.598271
48.225138
7.287941
38.645339
38.103911
33.528295
40.702815
7.833032
5.410439
7.312385
37.518462
4.672840
17.252995
39.412096
19.972188
39.819021
35.126929
21.444271
42.265910
10.059610
44.671403
36.929300
40.368879
21.261157
48.100239
14.215650
36.064572
42.870332
9.424812
37.164379
18.751650
5.844602
31.258053
20.850832
32.899134
23.877009
36.274648
24.036019
33.146208
1.225412
27.997095
29.445667
39.701300
7.221829
28.570419
48.979368
10.061877
19.508257
36.110893
44.485571
4.967922
26.655849
34.986387
8.269805
30.337394
21.257082
11.111121
23.118369
12.994655
2.084607
1.678971
16.888731
45.960628
38.934958
15.606233
28.407483
34.534899
25.568609
35.928939
4.199762
17.333363
39.794704
34.185456
25.881269
43.722297
4.109007
34.891113
10.908790
23.991826
28.629412
20.674497
34.648922
25.022466
13.049890
25.907140
48.690492
2.947854
26.496874
11.572242
28.636192
36.596475
27.422350
38.925282
30.053984
44.020235
47.764781
13.048212
1.817550
12.758215
7.556947
44.786226
46.702421
10.754672
40.132886
19.108573
1.056263
25.384996
41.312298
8.313355
4.507001
44.654493
37.077210
34.592551
28.181648
3.725983
3.900611
18.620924
33.932223
18.878328
7.576200
8.695341
14.046752
33.786183
8.223329
12.375452
9.115096
2.831087
18.435954
3.536142
4.773358
18.239094
41.559844
34.609698
32.149962
44.592219
8.172822
26.436932
29.894332
25.993506
27.316516
11.959122
42.674151
3.347306
26.918787
10.647448
38.846963
39.828617
38.406566
33.118754
26.160524
30.822542
29.810788
4.402765
20.948270
23.335909
40.344582
39.403438
16.991307
30.469359
10.001850
36.438186
42.422205
41.402070
48.114718
42.129227
45.146524
26.655405
28.332228
11.910487
43.621850
40.841036
18.068220
28.829231
16.143644
32.375788
8.358743
33.290911
39.512785
45.697534
6.654502
7.670068
37.948730
35.063084
31.026739
38.876813
26.813554
22.232165
40.542427
15.387894
36.337954
14.767495
34.949334
5.784568
10.254057
27.669469
4.214489
41.225587
27.938713
45.265290
12.997492
36.244254
8.244859
6.534683
22.999423
19.847500
10.011597
17.290648
32.970512
49.107338
2.139645
7.270523
43.963504
43.918023
34.765955
30.195876
37.132810
11.940840
48.362947
30.113919
12.955589
42.170331
14.330913
10.382470
8.036505
11.816898
46.432068
35.258264
40.439597
45.874694
39.685554
7.857649
30.242570
20.436785
31.998733
42.615503
41.931596
39.752297
48.866452
13.565235
13.175804
33.731396
8.961321
28.971397
28.341322
27.708722
8.691880
46.518717
4.776437
35.607229
24.205091
7.019673
34.807790
16.586299
20.814723
6.621312
3.926697
4.154276
28.112368
31.813167
49.231762
6.635220
7.098320
15.628795
2.451081
32.309126
46.989362
38.625179
33.388457
34.480927
18.475963
8.388466
9.200817
11.080045
17.224364
16.268470
41.447936
40.800949
3.594549
19.302933
25.254764
32.524365
8.449584
13.887565
25.848371
26.168178
22.174584
19.139937
48.804336
17.687056
37.137026
44.315895
12.976024
19.186734
22.515733
14.766204
14.153444
37.082971
47.400706
13.680530
18.153885
39.517295
32.072479
30.829400
16.682388
14.298990
32.391972
31.743011
38.965312
30.085683
44.140733
37.014323
31.491727
34.783582
5.847624
24.375032
45.058288
29.551645
4.367539
12.283067
21.406475
40.352308
2.817504
32.009937
28.522695
20.301212
48.612050
33.225254
29.457147
23.687276
32.094230
16.391708
29.119651
44.878815
5.507577
24.854989
33.373556
19.398593
37.341743
6.698735
47.739257
3.653068
17.998031
29.291660
17.435870
18.974628
10.097684
15.008241
23.710340
23.616572
6.079570
33.235069
21.084524
13.156565
31.431367
35.075684
13.338044
42.638010
4.813218
39.490357
13.948075
46.293135
12.850437
41.532481
16.162348
36.291230
2.694542
46.552127
12.202285
17.157430
10.854385
40.217616
17.571823
1.519359
11.041470
27.514897
21.510012
30.361254
3.832489
12.201271
2.228507
32.976619
2.274484
45.250729
33.485986
45.372729
42.286136
44.106441
2.351455
26.298054
30.916741
6.525448
41.393037
37.483559
11.843276
12.023848
31.942478
46.390645
29.784640
2.954458
41.642644
25.222821
20.826344
21.412474
42.965861
13.889786
7.166197
41.565221
25.617564
26.848864
36.742679
30.046993
49.008808
4.883409
11.790383
21.263850
23.565434
21.991054
1.250497
17.594377
27.017383
12.779033
16.072672
8.911930
25.127249
39.960238
6.975992
37.563844
20.312528
44.291211
9.659987
40.146263
33.604415
19.962632
27.055560
46.739313
40.601179
25.920347
34.706212
2.943149
42.019266
24.262035
38.604201
18.066016
39.256255
7.728410
49.062446
23.301479
20.191995
33.975744
26.793232
25.805113
2.800376
44.683778
11.249614
16.077188
15.265806
10.641553
40.598414
9.465954
9.839268
35.744675
32.133088
38.588895
37.750812
28.172673
3.470278
32.889294
4.843890
11.377220
3.954084
45.460794
45.591181
33.333054
44.622798
40.623957
4.672453
40.318360
7.872956
16.311715
49.755902
32.114698
42.976587
14.161903
45.419854
32.255578
49.923249
20.060900
25.223081
15.475400
13.773662
32.739170
7.109585
48.597923
39.324502
40.569261
11.285323
33.612263
39.022451
18.717233
21.678751
41.150905
1.518333
31.730704
26.449307
38.022524
34.724354
42.252093
34.188556
43.879483
40.319015
41.601066
39.582857
29.710143
9.595569
34.936666
17.426667
10.246934
16.060839
31.267724
47.451492
46.512467
37.807372
30.596968
35.187241
28.982991
45.997330
18.447041
5.375800
37.828152
35.458244
47.597903
3.213874
31.593480
25.029677
37.932807
12.940219
47.247165
44.617541
41.164447
18.027947
20.406246
20.484620
42.691803
15.449207
23.891162
41.136112
26.899745
4.160351
4.193194
25.710755
11.175737
34.782165
19.345888
30.019211
7.814727
28.099547
30.868085
4.792078
41.699685
28.101344
27.042108
13.316330
48.690650
3.333865
5.408017
2.888494
18.511584
25.507814
43.191651
33.979640
16.803715
41.492118
34.437246
15.312658
13.933949
8.009623
12.891181
35.113875
9.437294
28.943153
23.218384
4.701555
24.325966
49.000096
17.323398
39.694520
5.500460
29.350224
22.999305
29.978147
1.084766
22.737197
16.137330
6.196586
25.076402
9.362304
32.102955
33.349882
25.753606
40.854932
1.173557
13.652704
48.123828
25.744717
17.171384
6.508731
17.577640
31.708390
45.277852
8.114288
31.331726
30.351322
19.123127
38.112503
36.231565
45.973643
48.036440
4.055310
29.253532
6.392600
28.171567
9.443360
43.854291
37.214754
48.077404
41.926201
29.566308
34.996210
16.965973
32.412847
22.488161
15.840952
35.077234
27.872895
10.685345
40.816020
23.469303
30.286737
33.601737
31.541052
43.452567
19.808585
39.594908
25.232639
45.062856
40.321556
26.191608
11.481632
4.689123
38.227339
14.349459
5.728652
21.514722
23.791912
32.344367
37.461001
20.393029
11.999964
21.731139
18.893581
27.070795
29.292640
38.799995
13.812979
30.435714
14.291415
39.670043
48.669942
33.678763
16.895270
29.786717
39.807658
21.505177
42.791815
22.408556
37.778756
7.363919
30.166749
35.146956
27.601827
12.943597
22.403572
40.598941
9.952402
47.214032
28.628123
15.338403
12.573990
46.549763
4.682459
28.243797
24.648541
6.346342
17.359146
5.673289
11.345150
26.695078
33.302999
17.775662
26.420560
5.346624
14.993804
49.304767
36.052807
14.540383
9.307268
45.629069
32.968969
17.858281
33.385684
24.916510
6.575677
28.057915
48.356143
42.028096
32.365145
31.410534
28.346396
12.595570
13.593302
32.301895
16.025792
20.026511
11.785426
49.690436
45.374508
21.418908
35.177210
17.191448
6.122366
24.902817
30.359913
13.267018
17.547812
19.372033
26.780354
34.262823
22.958011
6.788409
48.418807
9.752716
42.813815
22.783424
41.838382
13.837698
32.616989
24.289285
6.972203
16.194308
42.245248
11.137639
20.683322
25.670392
1.229599
5.066538
32.714305
4.292912
33.846738
38.395253
40.332570
21.775918
40.413219
35.832140
36.234601
18.312340
19.137851
7.090007
43.758108
4.054141
26.775202
3.890007
15.567331
8.779574
21.898424
4.882121
5.259743
47.537239
25.833834
38.418635
38.160612
28.705670
19.795130
26.162931
26.871386
40.640433
42.961695
48.205348
15.342698
45.199240
43.213015
36.430767
40.167428
49.470572
43.489775
13.476007
2.895822
15.839350
21.064303
27.831749
24.625146
27.202208
48.360386
32.868521
42.328218
21.627066
34.362170
8.734072
28.335045
21.696027
41.881658
36.292258
9.253179
21.972475
40.178639
16.625729
24.059775
36.559070
19.166730
46.031262
4.402692
28.767059
35.535208
12.683276
5.216416
15.920821
40.504752
33.766697
48.013557
44.261006
34.336648
41.521282
30.111517
5.209335
9.636223
1.932533
24.606345
28.866155
33.366708
14.581979
22.681552
16.951186
3.170117
4.682671
23.028451
16.361873
22.197253
17.879734
44.560374
5.253492
35.527237
38.301430
6.930829
13.841860
5.053013
32.028698
13.843001
16.724641
14.875325
44.893926
27.697881
23.018218
12.513321
30.151926
11.237997
48.771209
43.147444
32.526124
29.847964
44.802789
4.473912
3.840299
13.214305
7.393054
48.857236
5.226077
43.440318
8.116339
36.190226
48.041696
1.788731
48.883133
14.815553
41.213505
6.441738
3.715999
31.973062
17.369632
19.612748
35.408154
14.701813
39.024520
10.042885
9.815821
3.292155
22.434818
16.932181
15.948403
44.789808
20.962167
26.588692
15.560483
40.706146
43.785190
24.269666
34.958016
43.586395
28.461835
12.159155
12.468900
21.679794
24.106884
3.422285
18.294570
33.383661
1.277892
23.688460
47.585536
47.929139
5.346796
33.533720
38.165614
41.308877
49.802098
24.018784
46.332292
43.005259
45.826350
23.268362
21.562852
48.318101
49.879889
25.117761
46.213830
21.022885
13.497877
27.177565
17.273462
28.727659
5.576111
17.084953
30.416752
32.130729
2.787167
49.546769
6.572591
34.892363
20.726066
30.318363
1.242927
46.083470
27.091199
11.002047
46.887930
18.684570
7.662110
46.072121
34.259868
28.055509
49.042304
30.029849
14.551536
20.243385
49.617124
37.129256
46.652481
48.481377
8.010083
44.172942
35.688356
40.619029
19.373986
48.507339
26.912533
15.373181
44.940890
42.321146
39.173812
12.359527
31.177905
40.253471
10.144737
25.926794
18.420911
39.923330
29.680985
34.706180
10.331555
47.419355
23.191990
13.214828
39.363741
6.567709
31.398133
24.654672
7.006938
24.556195
43.257483
2.865807
6.343826
2.448332
41.193207
17.523868
27.148949
9.979017
10.805810
36.688976
3.058620
2.173505
32.386997
3.908098
25.137146
34.351495
14.841535
44.399652
7.548916
31.640153
25.676261
41.162819
26.338977
17.576976
45.452720
26.251779
40.675461
8.084033
15.772649
44.095160
23.387237
27.393577
42.128101
3.036222
28.032141
44.155501
32.609535
42.762227
43.632826
33.258951
37.942607
21.185093
33.160973
17.993233
7.298730
8.395054
25.940953
42.200919
34.576365
28.153346
38.699076
30.840547
16.021525
47.370523
22.987737
36.555570
35.560541
4.379118
30.107306
15.099643
24.526470
7.042679
20.380592
1.406062
3.276259
29.536101
10.315779
48.301966
44.835535
22.108662
15.233291
19.150606
4.202069
25.014843
28.364891
20.872663
49.829468
3.692377
22.202151
14.551557
18.083398
13.902345
40.637679
9.768831
20.196446
23.570938
22.114718
45.375136
49.381548
28.819623
14.410005
10.107528
8.053445
39.973922
2.099860
18.690631
15.327743
21.743035
26.539498
3.413329
19.416181
41.682437
5.171661
17.342438
20.548967
6.369877
10.497759
34.121292
4.674223
45.146740
30.548012
30.518933
4.060551
26.098237
34.681647
28.904148
21.177022
13.480785
43.112997
10.350330
42.116540
12.768251
20.209081
49.974361
33.386471
18.750304
24.948094
42.557074
5.024498
15.323524
40.679218
46.807865
42.241560
33.259986
11.723294
39.692984
9.798100
29.549364
44.353438
30.811803
23.166563
7.736406
28.992650
44.353232
44.263196
17.381454
44.490652
29.604265
19.735074
10.097330
34.575747
32.441513
26.252053
4.064231
48.814249
29.984170
25.807119
37.251717
17.026328
25.953801
22.539187
15.896899
49.631587
22.713909
13.525828
11.737021
9.952073
13.677952
28.272373
18.695361
46.840917
11.777763
41.631212
37.004373
20.932985
9.086546
16.298066
43.477836
3.045755
45.825717
15.859532
23.464332
20.435979
17.806326
32.531769
48.168931
42.324585
24.998139
40.423912
31.058360
4.760778
16.181952
3.171892
45.053491
11.525206
48.412179
45.847755
45.017341
8.187448
25.599120
25.257887
8.769566
33.669721
36.748660
39.955678
7.533982
43.927423
23.131490
9.172880
47.255229
32.599145
49.021395
17.763778
11.621343
22.991751
31.616197
31.487580
27.700263
28.473748
25.313417
16.263310
40.934273
23.513717
41.997972
17.989552
39.181362
12.809444
46.459385
41.587798
9.077406
7.387339
49.723240
2.654474
15.176027
8.280050
46.195265
14.586942
32.410283
9.390290
41.114353
9.658333
29.562357
18.372449
6.655657
26.976823
14.123475
4.922510
35.795875
20.893623
38.982037
33.315388
4.047140
25.699885
35.904378
47.457470
12.636873
18.662794
40.066875
44.631892
28.717306
4.650772
16.027610
3.690262
28.502556
23.071725
33.209686
7.265591
12.400786
38.888529
38.921428
46.662784
43.670225
38.812727
22.926656
18.018841
18.812677
21.452014
48.271016
37.858282
29.270081
47.655022
22.053122
17.065314
47.577142
17.473057
10.232956
5.940563
5.374505
18.720792
45.930029
40.099642
8.971125
41.095022
20.551638
43.991178
38.862557
11.114193
38.640408
31.517384
7.869669
39.966223
33.622370
10.004924
39.181084
40.965934
40.302532
24.196476
25.417947
43.856028
34.128398
10.808754
49.269059
2.441590
2.008144
48.920373
39.827692
9.881031
17.274620
13.695495
19.024078
2.081846
23.154791
17.782969
36.934128
37.325750
32.247948
14.798112
21.847855
21.111282
11.548602
32.481979
14.237708
17.520141
2.665553
29.088886
3.347341
26.552068
11.721602
11.607552
42.136510
22.160798
4.909052
33.027150
18.764883
40.201822
25.605148
7.574988
30.848030
30.117648
33.087062
16.642868
47.884633
10.141207
17.359245
4.655980
44.835928
49.153921
23.069529
29.639882
26.764508
49.841478
11.142355
46.004748
34.673179
25.075215
23.746665
3.291801
35.835292
41.146309
37.504736
40.192762
46.315399
34.202020
28.667827
3.497511
22.893905
21.465441
32.162180
49.192633
42.387797
44.191639
35.924152
45.379555
11.666708
1.216509
1.738842
27.807664
30.767566
29.163993
23.436078
40.109317
33.640695
49.585886
2.447511
25.171677
12.794274
10.087229
22.781202
7.764582
46.154058
42.807860
29.939281
4.710265
44.718042
27.540115
17.585345
17.801824
1.155803
12.573150
27.188107
47.567126
43.644869
15.704196
44.975353
14.155163
37.864287
6.384785
32.406981
14.547905
29.747474
11.154599
9.457565
6.390431
21.169834
12.408851
49.492058
44.471040
6.446524
22.134883
16.846839
29.757244
33.038732
46.058477
12.398365
23.328206
10.209895
45.370072
22.146901
49.295982
2.085108
45.574484
42.226831
31.417175
26.507836
45.095981
46.052024
26.853827
33.503528
30.339123
9.963491
34.213538
13.598823
17.237614
26.926136
47.091784
2.170332
8.265748
15.364955
19.635095
39.012321
45.601646
23.397903
16.035186
7.316051
30.422389
17.753151
40.444372
28.342778
30.645977
47.433765
49.756163
35.370995
40.787444
44.231711
16.180654
5.316683
44.494885
42.058069
24.447997
16.089028
5.081418
48.046016
29.008204
45.397162
28.077342
34.375844
4.336786
42.556555
9.682890
32.812787
30.760761
10.719652
12.565240
2.764954
2.421489
1.800548
33.707607
30.325653
42.035559
10.848892
49.474127
36.802508
13.724986
34.473200
47.802328
1.915802
38.887736
7.795140
1.841205
18.383043
12.950497
8.949912
17.080876
32.669565
34.088660
34.311654
25.911182
45.371998
13.662006
33.418078
37.824374
38.071478
4.827939
12.726930
9.192335
38.648460
18.148552
1.823429
48.085229
13.768087
24.703643
10.735909
7.443057
13.928581
36.874090
4.310740
2.450867
34.294181
13.461546
47.537190
27.587839
32.128166
4.701554
41.588243
36.043599
29.485769
15.850087
8.156067
17.409716
21.175184
3.373891
40.301833
1.862567
49.644888
36.259439
44.295634
34.815333
25.936765
9.430657
35.829078
30.464223
16.681938
14.950879
18.633398
20.708441
29.220248
23.562184
3.708199
20.830351
41.741341
30.953377
24.431042
41.880627
36.231038
7.046088
1.029497
32.813901
1.562893
34.244909
23.739682
22.598252
23.523210
31.325593
12.775689
38.885916
31.156127
30.087052
33.059808
10.815249
34.637241
49.448554
26.099165
4.168357
8.999689
35.865582
10.509164
12.524270
44.780729
14.344547
12.814710
46.664516
20.668074
17.630299
9.495297
17.949006
11.889813
27.795500
30.502594
30.979996
32.313386
38.247884
13.218350
44.214614
18.773826
4.859375
41.477866
20.798133
22.971124
47.863406
47.321879
48.532092
43.758999
27.710285
44.436735
37.140092
2.938469
22.766692
37.155891
7.691210
42.210846
37.727256
19.957161
10.923824
5.142455
37.794053
38.887811
42.322697
5.395854
19.525266
9.894248
7.113168
8.403992
41.866786
28.816815
38.751523
27.458406
44.013187
19.144895
23.076339
49.095894
4.057964
18.933400
23.726022
28.922608
23.307401
23.367961
13.355762
31.202758
43.851722
28.154438
25.291047
17.109022
27.384761
28.384521
48.371231
24.758532
18.080513
36.640690
4.388350
48.498210
29.266096
26.138561
42.437085
7.833119
43.949094
46.539743
16.335795
24.587290
43.928811
40.281486
9.813745
8.908370
25.809922
10.294306
28.540810
12.746182
41.457083
28.729811
48.191455
36.882512
32.371649
31.086054
1.571676
1.195331
6.279914
17.841766
29.329372
41.895900
30.023638
16.172648
19.235021
47.732327
13.077339
33.904613
19.296712
30.696583
37.811637
45.612648
47.194877
19.693609
5.187155
32.052615
30.922597
40.863096
49.452758
7.335958
42.781847
23.590366
47.775443
17.875532
32.504775
38.024468
45.168423
3.265150
42.912927
24.221441
48.503389
41.992808
35.474442
29.718112
46.520921
9.825091
7.617466
39.505068
28.294902
39.660059
9.968814
27.769590
24.114455
11.743202
10.165537
44.765808
9.149574
6.090245
47.800721
6.657049
9.214300
8.607646
7.924121
23.013709
48.176658
7.624307
32.665884
6.111413
48.715863
25.929218
21.857381
46.535643
45.182683
44.038820
3.294392
7.176742
13.025570
13.175918
15.844786
28.726643
35.739445
9.226731
29.554199
44.832426
15.374311
12.738893
14.871667
40.719869
2.675644
42.900531
37.687771
28.827462
47.162551
34.223694
18.537109
21.209423
39.307197
22.394040
35.028550
35.836919
35.938915
32.269171
14.057201
31.659180
45.461050
15.166896
36.174362
49.867253
40.109616
24.119321
47.584750
33.646244
4.358873
21.634899
2.880908
42.528695
28.184017
19.590056
3.889124
49.915561
47.564155
2.275537
31.123253
21.941530
8.301423
9.845582
19.871466
29.128269
28.964808
4.879493
40.696629
4.752140
6.460854
33.184848
39.139050
22.834086
9.564770
39.473551
31.940757
44.364720
1.203697
36.199616
12.678892
28.137193
12.456838
30.944832
19.861841
48.810150
6.876196
12.061679
12.168243
7.150510
7.611516
31.614256
20.195224
1.796732
31.260234
12.097229
20.097872
16.484084
17.615919
4.422225
30.083877
19.738161
7.817180
3.816005
16.161280
23.429232
16.363094
29.368938
28.931032
13.493210
41.592501
3.329850
39.036098
2.515102
28.918142
49.819686
28.400170
11.904458
38.740404
1.466095
26.004803
48.823226
49.323116
45.106443
8.490461
9.892761
28.180330
13.723024
29.880051
21.514608
40.340371
36.319064
24.079691
14.634688
23.766087
39.146848
41.019907
46.395627
16.582781
13.731708
16.478509
18.777948
20.848193
29.780279
7.233379
5.370580
36.712643
16.500621
29.998781
25.624120
18.811448
47.869031
49.371240
37.499477
41.453876
36.498363
49.580246
38.087392
24.074819
45.206177
11.207942
3.926116
20.047716
31.468290
2.972845
24.283349
48.771748
33.939485
20.277879
5.319850
47.165862
42.763181
35.094927
32.685808
41.196148
2.744369
33.121552
4.555406
39.408065
25.126916
5.854886
47.767835
45.082637
8.618604
30.825802
45.611734
45.580527
5.152888
24.321802
41.283244
41.119253
7.434499
13.426810
27.020021
33.168134
44.876194
2.240534
21.692028
6.191073
23.693009
42.243653
27.407335
44.392156
29.151931
24.195650
6.397423
6.572100
48.663049
16.935328
48.486697
36.710720
31.506201
8.063606
44.704570
44.771723
13.860602
12.910845
40.260243
32.666252
7.835719
45.340908
47.915344
32.369135
26.588349
36.528866
43.762942
3.598613
29.174472
42.511141
43.834229
11.057703
22.379621
26.550472
38.313700
44.512220
27.680642
49.565440
14.216656
23.685568
49.073202
10.657070
30.394620
23.125869
43.965116
3.842914
42.443158
21.200225
40.266626
28.437611
49.442099
46.036958
19.512423
35.103261
43.747841
11.792159
12.122635
1.139923
23.144129
18.276338
8.423886
8.374095
49.986138
25.383955
27.478678
38.245060
23.165175
37.758517
26.983679
41.922918
13.051124
21.545234
32.052576
19.323007
20.060259
26.969950
35.341027
25.025031
21.167525
2.619812
25.703144
37.461980
43.307266
32.335909
29.040870
38.705663
44.558509
20.817397
1.764394
18.095435
35.360914
2.759863
49.076305
12.094770
3.585873
39.195620
31.044988
37.605368
23.416252
25.673363
17.664932
48.070218
23.243574
46.134536
34.380593
3.912928
8.099803
27.323262
25.177168
33.086061
4.076870
43.804461
18.420040
24.706248
30.934967
40.970333
8.072425
27.196758
31.650056
2.438495
29.083247
46.372254
34.014079
43.113123
34.372676
14.816936
48.156505
28.561401
28.650627
46.712657
10.889390
12.811153
35.180137
20.645196
7.502443
44.318401
35.950098
31.099760
46.651270
29.526120
45.722107
34.086672
28.474852
9.662602
23.838388
14.031543
7.937699
6.222670
45.201737
33.258543
1.771022
43.267716
9.426227
15.800458
19.784019
8.554367
13.024372
20.434149
36.192589
48.381720
30.445391
5.641138
18.429600
5.191077
7.825790
30.131837
24.657877
48.670302
2.007693
47.699703
38.849403
49.596459
13.614644
16.241902
21.910615
1.291779
28.185336
35.228397
38.122705
35.556261
46.796287
13.275541
20.067402
6.270650
1.162754
26.030695
9.100616
49.461948
2.239076
15.259594
19.826722
26.171162
35.470183
7.799438
49.488423
40.559603
48.195220
49.652610
41.403016
7.330888
33.429958
25.301880
24.725662
27.054710
37.479555
38.870538
15.067988
10.474863
44.701107
20.179370
17.964940
31.916816
32.609726
4.109873
34.281112
16.460557
33.369339
9.780220
41.187011
34.479600
42.875339
37.913620
8.488740
25.746761
16.084792
44.512698
32.329593
43.845972
25.901974
37.112289
5.992826
47.616133
14.116072
45.544962
20.354761
1.942113
24.972974
36.601053
18.010078
40.082406
45.298743
17.817464
26.958942
11.842602
49.165681
15.160646
27.751545
35.222627
12.169065
42.020382
25.328348
8.611844
16.101807
19.964490
44.110125
16.839524
13.164103
3.821992
17.252134
4.679322
21.563885
24.500090
40.097425
24.685366
44.256833
39.453800
10.423811
25.079514
6.102658
5.747417
11.299912
4.691284
29.341918
33.701417
9.385503
34.174484
2.504242
31.361832
17.737966
11.859509
10.912803
27.440137
13.816855
11.009603
37.639785
33.269577
22.370759
16.009550
45.458608
19.517920
20.655327
28.807444
47.632805
43.310068
2.071873
16.886177
35.926254
23.018445
11.247401
20.944749
13.020968
43.139745
20.496658
9.470095
37.925583
20.148228
2.049796
28.725347
41.447973
11.798634
26.019920
42.030421
5.697861
36.507485
16.001843
38.158125
34.610675
15.220281
10.724385
14.277291
14.896435
39.930148
2.381640
29.888379
2.425412
9.921875
45.291816
48.909646
48.923842
13.507552
45.049462
35.009077
29.381034
39.332990
35.236771
7.342496
42.271905
36.991107
45.045144
18.021803
6.867703
43.295388
15.619077
36.101769
15.303881
5.353652
8.543873
46.131409
9.260087
21.919663
2.465978
17.760998
25.265582
23.011970
41.879969
22.451593
47.431772
23.608451
23.928528
34.762906
22.947901
26.175268
35.762165
38.176384
42.937859
38.229160
46.795767
46.511878
36.740497
5.439321
33.876796
29.322029
11.472003
17.046282
15.792991
10.932470
25.738304
6.248863
46.251194
7.158595
39.163147
12.028852
18.806329
29.079417
4.197733
34.468081
9.322155
34.619983
20.625507
40.025442
23.944823
8.874202
33.966177
40.794101
48.563825
49.182111
42.092016
6.793484
10.956490
9.840587
16.851048
12.707841
43.518570
17.789820
9.940171
31.761678
32.355005
7.489534
41.717876
2.094448
46.248266
23.079394
2.381957
20.923936
34.382398
6.710071
8.802406
20.821760
36.535847
34.700080
22.066246
41.587312
46.619570
20.170285
38.550626
1.503444
35.197513
6.690117
31.756717
13.284649
1.975079
2.326687
14.802994
19.556433
30.599242
10.062348
6.602367
2.492628
46.078138
11.822344
33.828936
45.480093
34.898064
34.986773
36.857393
44.307750
29.683252
13.924308
4.252124
32.695132
28.899538
4.564258
43.755270
7.828515
2.987089
42.205843
12.677267
41.598237
33.944714
45.506502
21.490704
21.669974
18.853283
33.834217
13.356992
45.744311
8.911929
47.428783
11.627328
22.916136
7.008026
36.377105
5.109151
31.042639
19.715043
7.645127
19.342881
10.178264
17.534537
12.694743
44.634131
24.706032
27.154820
14.153154
24.174093
36.940420
8.563321
46.904498
37.147771
1.594661
32.272761
9.956756
18.212157
44.134169
34.137609
21.690566
3.895324
7.955881
24.572244
20.535844
6.151214
7.200514
3.240584
6.707515
34.470530
26.110286
7.593610
40.298569
41.126016
30.349258
15.869876
20.695235
27.250929
25.060671
14.142661
21.773572
7.052250
22.720358
19.831213
6.700374
6.571648
13.066144
30.887173
38.557017
14.003005
36.388939
20.179695
15.531657
34.357955
37.044577
22.156431
24.133995
47.495770
40.129646
3.560915
20.444453
18.500671
35.112133
34.623472
22.029863
15.291895
27.690639
37.899097
13.222716
33.190102
3.924800
34.713782
15.742769
40.681962
5.413985
42.835119
8.581483
19.231173
9.834767
33.858398
17.634625
38.377201
43.145620
42.493418
3.623422
1.230857
47.514805
2.253770
34.729685
27.225475
19.219259
5.245507
1.209092
40.246428
43.502721
12.031149
12.233863
48.955069
40.818881
34.171225
18.528719
48.889170
14.339572
34.850521
26.300762
25.730851
44.611795
7.022709
31.704656
32.561104
31.519194
3.418643
40.785836
36.353396
39.867914
41.609741
43.399840
31.715765
25.070257
13.953265
3.907611
36.621135
15.831541
17.138097
46.205345
17.198594
7.667917
31.590552
17.323006
49.866613
43.658517
6.603230
1.163006
25.559544
5.098864
43.176375
23.629543
40.831988
43.181095
47.813325
34.672621
20.590844
27.607132
1.817915
34.875619
8.664167
30.818905
41.081477
1.614006
43.832913
4.617506
43.167513
2.451690
17.085384
41.072313
38.484599
38.552022
5.981550
15.016309
29.877188
11.795791
21.312268
31.727695
18.773395
18.132105
6.316722
33.972444
31.814967
1.606428
15.029538
39.068530
10.700329
36.948089
41.237367
33.959123
20.891494
47.802961
4.305640
44.045839
34.190741
22.044582
43.099861
23.744289
47.478125
40.401117
10.647953
42.244652
3.590377
8.980894
38.151620
40.576964
35.027734
26.133738
40.645642
21.293930
42.061741
18.385963
35.846339
26.156140
39.787327
26.219899
28.388889
2.467707
36.232552
28.920113
48.582801
39.608618
6.642392
18.752675
45.004074
4.960444
49.414321
41.314636
48.312005
28.272618
7.236015
26.410849
39.833964
2.726015
45.850506
21.056000
34.559105
11.909508
25.548105
35.773865
21.726663
40.533014
20.298380
18.295104
18.924751
20.293786
7.593420
35.608820
32.825527
9.197691
2.759619
15.255078
49.666366
49.888397
27.428053
24.573464
1.435494
31.142701
24.787612
29.396567
45.811583
15.491708
44.580215
10.444013
19.929922
23.589606
35.702048
19.324816
34.631743
47.146456
14.948408
27.701239
37.923964
36.775320
13.250900
46.963770
42.783117
15.776860
20.504605
5.759486
34.160583
16.810673
10.702937
18.025016
1.837631
22.228280
9.234049
23.997540
35.617273
28.367905
8.687339
26.611827
40.667853
18.647499
19.812530
20.885830
42.073562
34.614987
2.684174
19.970889
44.610199
41.803929
14.080819
49.303271
26.195281
35.322064
24.812869
43.339249
29.121894
34.022893
41.323342
23.308157
48.991753
14.764130
15.835033
31.056626
47.615755
37.185976
29.928742
8.265889
6.611791
33.341891
22.256713
28.416551
28.955588
12.948646
26.792024
20.216749
23.327036
39.809041
1.656787
31.903056
10.152519
17.471747
14.190690
8.057303
30.044524
48.774120
38.478805
14.834111
26.087536
46.445667
35.897753
14.830706
49.985355
31.519213
9.821889
33.425362
43.898382
2.520952
48.830087
21.403259
47.897799
27.339479
37.045118
41.449294
31.419910
20.778813
29.351696
29.596268
38.645763
17.564084
45.653532
33.165965
13.623084
17.343292
33.183060
36.218336
31.203083
37.759769
39.249761
19.365518
20.057741
10.639257
43.875111
42.451225
35.845587
20.537638
10.442671
42.573178
28.447356
11.706965
7.630621
29.272910
4.865620
31.934132
17.170208
4.509692
2.227505
4.077293
12.757958
5.426020
47.055615
1.047120
13.449596
43.602900
4.854021
20.998557
22.500316
48.941121
14.350324
9.956782
25.414553
26.357925
37.072514
15.638908
21.233176
20.432883
32.743145
18.659584
19.418285
20.388132
19.860786
4.127731
14.335598
43.812106
34.238034
41.073928
16.462277
40.851032
29.889361
23.439672
20.260865
20.201609
31.684652
5.129147
3.201518
17.601595
28.695477
35.338645
2.309261
33.395927
30.606481
34.946926
31.746416
39.792141
2.279732
2.066337
23.441317
21.854232
25.019045
45.396714
33.381942
23.146454
31.521889
9.652564
8.672595
8.630510
31.764016
26.521916
22.706568
1.947104
15.660653
34.453272
45.230124
27.632917
22.590006
43.014968
16.626585
26.079532
44.094550
23.317319
45.645257
6.822044
8.403977
25.846965
32.837090
47.310111
4.528735
26.520438
12.425943
40.726529
41.880039
3.878695
9.114157
44.402397
24.070729
3.053913
22.631598
18.632170
37.614828
42.655096
31.879861
45.081249
24.920297
31.904031
31.027288
42.957602
48.909833
45.654346
41.608802
4.123837
10.407605
40.225428
40.292126
8.113157
32.406314
30.863705
1.840958
24.748120
3.621004
32.052013
26.273777
41.951824
4.187857
3.073264
33.051298
3.410115
23.675254
29.959352
34.504503
32.381467
1.888550
37.033010
8.382803
20.144296
2.401382
19.288414
26.598658
44.155593
20.421005
24.549989
23.677746
34.272369
49.031784
4.354336
22.627766
28.843968
3.336006
34.299509
21.179284
44.539168
7.086741
19.810415
14.921438
43.355630
25.707108
44.269359
29.128909
3.248713
9.872247
9.202564
47.588726
11.340807
44.550001
1.317714
32.455179
35.153884
11.747550
31.656695
39.999342
33.547697
20.474763
40.770972
41.074797
20.323172
6.555918
33.030161
41.870962
27.266069
49.902208
17.482680
22.989627
17.116321
31.834395
30.323505
47.834882
18.959081
35.916213
16.362621
46.949053
6.107717
3.339156
28.939292
25.394878
23.239373
35.310609
23.498657
22.941725
28.404008
32.860055
21.226656
24.152607
15.704539
32.409848
8.617189
36.468301
22.752282
42.891317
26.850823
40.903499
33.288431
27.695976
46.038677
2.383852
31.664998
48.615599
5.934510
7.163619
12.107735
21.798033
20.734943
17.105188
9.142203
3.701440
2.007494
47.910884
14.718856
38.589584
28.571851
8.831178
13.799987
37.356528
11.516963
15.575898
35.551259
27.624795
27.825082
13.510285
8.958240
5.424180
9.335383
1.065748
2.781980
23.430570
31.980477
35.610423
28.674335
44.455808
33.581114
46.472784
2.966342
17.942088
17.864972
20.855453
20.257239
28.627738
16.260036
8.071300
32.607346
35.488380
31.850659
2.416669
46.619395
6.305809
36.668976
5.978437
30.268344
41.176540
21.965261
34.041131
38.768065
16.492930
24.136139
39.398097
14.974553
31.758726
27.548542
29.768080
14.246069
34.231331
11.096206
1.342078
40.045764
24.439990
20.754442
4.900115
10.173315
31.637296
7.000220
16.755876
48.610511
45.612813
23.133297
27.554858
27.060842
17.725408
40.611385
18.509869
44.093074
18.033138
26.037494
8.459671
38.353482
49.610404
6.183691
19.686322
11.289449
6.715839
2.898044
41.184879
19.992092
48.233945
4.358991
36.405706
31.318885
44.060530
40.635284
47.855920
36.826930
15.350507
8.371125
32.192392
47.022292
13.661911
48.874842
43.945406
5.847300
42.266385
30.495902
44.838059
16.674724
9.930843
38.896830
25.927683
11.086581
10.334969
6.820043
47.913033
24.750499
16.398277
2.747512
32.592067
4.986761
1.776217
33.895984
41.138348
34.839543
5.442219
13.731574
33.523119
17.806239
23.734132
13.055531
1.251838
45.660730
31.848791
10.580782
17.118686
23.465525
42.469802
18.697471
3.364444
13.114826
36.589608
40.728380
35.153854
15.163868
43.887917
43.741430
16.041987
6.791643
45.539182
7.842398
40.954476
6.025609
15.480617
33.102186
19.517469
22.116429
28.595969
49.161856
49.832283
35.258175
11.022538
41.335633
13.802519
49.150479
20.000034
41.751770
40.207919
35.668607
16.958620
25.046026
34.457228
17.925065
11.994611
10.719711
20.118308
43.557512
5.814520
43.757048
46.931833
46.123173
23.553439
19.644720
41.609726
12.284328
24.547684
22.003701
36.873002
1.045093
43.416756
8.878656
45.997972
41.054877
20.342015
30.856335
18.077871
13.262348
40.472281
5.386965
41.021439
4.055317
9.783917
33.834273
39.034916
32.002773
26.264642
39.738380
5.422998
9.979708
36.746992
7.613404
16.838823
49.396651
26.381076
46.782403
31.510654
32.952769
32.521832
22.429652
10.302639
12.066522
7.857931
31.346443
32.662523
22.796362
49.193168
41.141860
9.135039
36.669286
4.366837
18.094267
49.758458
15.955833
46.043380
19.114840
13.416543
17.909094
28.819870
30.277989
17.485599
5.584831
6.556193
25.713898
37.995356
48.960628
28.576149
20.005575
27.780474
29.025146
30.936683
39.144037
10.590651
34.511105
15.666131
14.935095
12.093288
19.373721
21.491435
20.587576
33.583921
31.576814
3.222139
13.824304
13.105788
21.118181
28.800753
1.636305
7.330229
32.553690
3.560626
30.102671
21.624777
22.700115
34.370639
34.603908
10.940534
11.573965
24.061527
2.866356
25.786756
23.992665
40.179638
40.220492
43.243469
45.578576
44.720485
40.573672
21.854763
11.167552
9.180173
35.694632
13.018407
20.542810
47.988123
43.566542
42.268992
15.665475
2.644861
39.576953
30.059889
29.728563
35.103417
33.051578
41.130994
43.696428
3.230900
21.953696
28.327730
25.286643
15.520657
14.807235
27.236829
26.084773
33.326352
13.448049
46.638707
12.436312
33.857569
28.925829
37.528641
34.466902
41.487246
36.520104
9.101561
5.043966
18.236901
46.329401
13.505395
45.568380
17.476509
42.028931
37.789566
26.795164
22.470359
7.438619
5.855480
13.000369
45.930894
48.444162
21.042529
29.092222
15.491333
41.174711
29.472832
39.504910
22.797370
23.716500
25.158350
28.109500
36.153119
48.471197
26.815163
2.717096
26.461268
43.422091
35.827407
2.909323
9.691769
1.091374
36.030131
30.920621
29.467126
10.246590
20.374597
31.676621
33.385432
36.803053
17.320838
36.923711
4.174363
32.025887
20.612647
6.831137
7.364211
20.489349
9.693710
36.203144
43.270306
41.500980
47.768050
24.423816
32.786735
16.870811
3.905444
38.215028
39.564377
14.486625
1.530988
43.093909
40.465376
8.184341
8.102765
41.901557
42.352839
33.497291
47.827118
39.671465
23.376324
9.673796
32.174384
18.025314
4.086304
19.207993
35.143073
29.255198
18.575743
34.032479
1.027581
34.964569
6.325410
48.882744
34.677905
48.728588
34.181844
12.179000
15.525381
40.763082
35.146665
13.040688
31.006741
11.931416
34.448566
29.707708
22.039409
27.585535
13.808616
15.064819
5.203679
10.333479
34.801541
12.185693
19.111783
49.563040
2.557799
29.297368
1.428226
44.794017
6.307052
32.762839
22.401622
31.224871
7.644619
44.332873
17.312354
16.155441
31.258117
23.311346
33.063385
44.206839
10.266678
46.164333
43.608589
14.700973
27.316437
5.006860
30.707470
40.333989
45.070860
22.617656
28.130661
39.573437
34.834921
39.757128
31.710435
6.538678
35.826851
22.177753
31.775915
39.610758
35.395352
34.164014
39.630036
40.124267
43.302157
29.568766
14.865051
49.032923
19.385781
11.588961
4.710864
1.877347
41.963997
28.800800
39.185579
43.456997
32.267249
17.402438
17.071734
4.139627
17.807806
47.886750
34.154661
19.388267
5.131770
27.100041
13.398386
34.585762
12.637173
48.943241
37.322556
3.204018
23.108448
30.630729
19.104351
45.347212
29.262354
26.497398
38.015883
33.498462
46.964827
13.143923
39.285845
46.389323
23.628967
37.092196
11.341865
1.711092
44.937063
5.786967
15.248175
4.274228
31.313134
20.733621
44.890439
24.846237
39.008209
11.532729
44.752302
48.218096
18.612336
36.208842
22.819104
18.139282
30.646920
22.615772
