338554194533404864670424652838278446697279286625962842951337472593032947521809213708978211209090586284553029234871326137919883539506301355414859947348953220775684341760.000000
25743746371561345606729843285190097589878016843962623322028703311604091435016041210002553124464992697653360586163209558357032338584924268216845557848167964475576549376.000000
-281180113218694048107749337091834913885199036993051397361776835448225012042131736912460712853558131522191546078300087570813065315288668920949854409003071005186360082432.000000
-38358409001638892491298816889138422319969150318614008279896023722323816888027705653030680050371722738648298832436042445376617639651193263705439854742854897333511913472.000000
-276645148114786700299880925593064695314234655998883801629545866882432714348849737770398389765151705622157822107177620965138891248468619337875539348682078408503040409600.000000
4645457837559209908190272570352581621576746536416669160763020932744756196081112571335881748060938146731892511748958577123995786062516156860218935185708008240958144512.000000
-46794256396071242945030872829920508262941712035906303986587535646617781732768832651621081441652304706389849718904268695450888895452987196198859157228013331061879603200.000000
60289000216952569370224126963908666651615594412401044367189073071506813190399194795538068154811698029006300113364909811735437358361793010019653188718557481496421072896.000000
153729554558190079972203671607217095552146273033742233090295697032274465397837898813518384836744693182502537098355842085158301186933363221249372286174673091961582256128.000000
-184650651106565047019021519555865140932256485703818949836609734701036046110020381790652409825509017991933329988311936627557070835032666449413128736677210903463914897408.000000
964694304312117616708858764788219516730680580773833660319061054663910377441317128456084838473618806411658351382796369228723733943031265266230676272205670097912762204160.000000
387185588703954429004402925231367510868853374465035746223254773096792615919537469546191738996746635565462121985867245635880768530439650111347584899708221801443115401216.000000
4288245888231962636286562263045438735998197896086746829415083590589369462761370644310539425040543352988713878215600470534365318476103029999269117443203331602630538428416.000000
4342456547551859684101647850796009817996605258282577882952336431970977371644656298664199498219750046497509377973348507914611606544746826502095074930912778506600070512640.000000
4342073107930375028066008516237937978409180465303892392760089952155412080823008659471523497478358479343130063808760965395553125705943818626336096069237071522233466224640.000000
0.001441
-46068042948583762839552110793731740687633149531029742099358270210268211476831806563110472210193365718407316892081813890608181858563278946148748268745653010365017636208640.000000
-9326788058863201209433982666016992645843273900461238914427056246595182066679874837829868229003046267023027742085037393422656564112339370467026885062671252817908837908480.000000
0.001289
-74362407889020636980773088702734653430725031015109874188784673782917347395612921841918092585816048885815428250757077867847510628824470335005662082886940837718863172861952.000000
14677224517357010539993475485768624858587234722430279978518741074706186406264068675937237166209174226622706099190229461366763807162369747051283728900842694670869671706624.000000
-6504558415070957260771571558513249691463911336145505989445380426912309426263832845605334243009268348995215770731864382312219630929859762956238473522801705687454045962240.000000
-6503422220449409200771163519758702784469281432188057221296719701887514030010000714635552838120868665619264499225622652976870074294787763420393982753526784148068427104256.000000
554354462394426615122043550011287581719319352926904111640276044273785211083575730108957063920432218418487196483829173400637631274185441829676084916878546014925802700800.000000
-6428380694654929185815528451495215822415255982257988378563846014327408871090804572346501003732742233491607068414736454373108480384534770254258772067741963778396468019200.000000
-266951266920467546631781254947724211262971234483084190982816335877631090270645883611610483593409965691999179698519376737916932462103648091315694874359437270678497132544.000000
-1447588896394766587049432721802189756737522348777055521702301114666082376133725988319279316637842310624243988944720789057930619178029067064880555573717731054738602983424.000000
97947953091609595678515348476563015226838929322243186460840704597077779405241303697512349476097965793495421844782406870441690303578809291735374005475249732363818631168.000000
-247463547343772611707872598527827395226199199654862747262664374584495186337055762421109817518976275975778777142269426989336652839471948392785090419761340847642636189696.000000
-25535719991250251366628236423639571370415100297529489551850167279368479709276041439449998294828702397911736799865069754501628295958389972847485976106531504510646353920.000000
-30336175466687763767762779481614847962341805249721112793747905867023080370747606238164599768395557577738615859613134386390525893236502443871359859447036389083949563904.000000
10118516100322357837887510191581370600088060002078451342542482919290468956310373094178433693645708002509838460667320168665664830725719782251904476492718889301794881536.000000
-17136246122638915737157212864305676276695481968299426078479295388245165801264518626311693244049138814277933006028717523813463387136539059230469641074132339985636917248.000000
20883558534019592727764208583855350175073438239534879996636107589584769256120315045907796856142114426698034345967839628468388196815187301731036878593661716022186475520.000000
-6776978167454012192585869676897364367632331270006074173934734805666607829882048755537891243288998458217627664114426268414042797638361749709001699794938314498118778880.000000
-17336460720437656152204148282787858509435476136425879220270193810581389615631653952018132829308560192275081182093128495678426294731354201834659061962229780533089402880.000000
0.001394
-98128468445568009274438788750078032915983579664054516406940841595647958641009283326801312769334751995989908785280481805233167081199461189840950125902278995382762471424.000000
19857560674497369133214200583267905347642812600664957521255672663443948186262644068216673785881829433209882368117955360455484808796176217198654772640706840622845132800.000000
0.001374
3256569088785575477408718222857764003059367622075392333749389389715379212875867533526442562714957888247657812301584720714531086069977044572064448970956606447297463582720.000000
686157950952532399797462615546234190549696954463696769295038592800382570152237227925468566750425807204732268724001654030630805437323058705315244738474412014989102546944.000000
0.001613
35566498550849238099104973256736941957225949991222530928374494099857349639651786375088932027123590346733803493651639397095814933525343629378951853554103345377579232133120.000000
-3416810948650403835717409640407730437129551579561508570323874355017443736777652706688024531872283736563075628228880172812951061505972544828212609015272367818125785169920.000000
0.001725
-6327654925349348566082126702306880282921847666782833973097013900530049326753924387850847725995587774588364189696105541915913498957489624681226690613898974270844141830144.000000
1271449012506480849519874749700111126806125538127724968803669706295656885675174173810574390827308420706454609057731233871288981965329701912113969740310354688350565171200.000000
0.001813
-22801602173812994348018907255384000534442868497510493393394949695848896241666765393537330313721350386961979584322841570279715913537851876270897916035831439357294673920.000000
-166127783526789471630999825891037901034463529505054292600473617882004056339583343759707596328378832376274025074794403103985941100936166725340035327271554902963022462976.000000
0.001839
183430974101265698445467842369022051533137046918740896280028876527744536808608462221835408163668861715090318718757594745339650842703491265051249738098159950286112686080.000000
-34960210188417759622034121765654177701096675498274435582438886292329247148911330545473533476911265688076216258972758140772499387006743540723292248134277425693802364928.000000
0.001802
403329097803069940520978879052695340752833955563758980461263250453956349436087245864669563334227298226796944257815893177172979732848519959164737365679051807285930098688.000000
36503816927507789840743339683838694681626893824908014983265968299640672078154744258371130786239004713104592966360042389034723618491364504844338086436322907790398980096.000000
0.001730
-24562786453983001309198517095918500613406584633437175914706286277126448078661806748723228058618396396037713342753003751489000045633839511945858110443794761544334573568.000000
268149538245958269475822443082662909965449691573916592267793092092232326351455597921519391291673958953903445532581670509730725956843768481533030546384269768501957230592.000000
0.001610
-10044351354921205681071079846908976894862856043216877819019387081203054522971324303653061932826206937888605288910991694024659291615152204731571248455369456846475121131520.000000
-2005920822579938842809048945045625818812682967940778223301174961815013366574431291777386523850423113030036953988300021072036161577224131933130333728336632091787455889408.000000
0.001457
56021894951475271887625505753117582056329754147808377536840096195882370903969462511924778469627634555319831590686107739069012315015070039911614800624428467778057362472960.000000
5336551423384859556521560568038769278040006947505311168560272068024580088880405023035006682339363251880023110229409249968786172242583681518077379118884348752197958238208.000000
-1597781374974116323181813574742069500034624036259383990365418564084055086377712973698087259858432318234220163664638118057147612632585229653452215842013039229403136.000000
-23691606957374743533654526848203649861489344747883054282776428126951684848019445949858397213350959105119521246002291744467634236408328139746634727681371423783735556833280.000000
-1295055308085956088560260360034381691526718851410832906265174965365280591766482037078160266884187014559694224749628937472796223647900862821086142074081313488379563737088.000000
2595707202989153260686291863806646854699120766235456389455017543593544757796071317818843144731994735609347041156117756231093183643888429527137790445051357771595776.000000
4318711520325921179921268169557994902490571731278653581604550790333397192398787318964947615947151759001336974726218220439096601630975128948948858162274339820708269391872.000000
-1471551341962856743040929705691406726877980596636917852618295081102263950974001336961435645226592593321890828697519631947031458523191977402223462403333456139514051297280.000000
-6153457279608996990040331978886444792306940089416033204170611867182230043308299413010066524394392882752495801713827494713005690100954389254294614524303296868384768.000000
28320662601559404190262188550857855728013491416432768733144861135239219161100514205107934564427508324318514096250316986294593515315567648506277100096736032378757054464.000000
-9787446808616286632966632343069013810572370752287951595451527101815303756548243969141133147401756036866885643814453913086756866273966869396161827145266404415902842880.000000
15779450139000434291444068939674804143462676894316798524257405134426984262451513965748758310920811717099601284368548843543742949733382475362959942528184681869869056.000000
-119996904207357992951508522668068508583262764157090551408536844618323593137014619156302245265551839175436961065101414498356788459091058796414009683350328386513654513664.000000
13259255788971781186430195398150445371535959430912581603954634933126502009340179973353030024940309827540137147486391592078677349164633284316687827844789108790123298816.000000
-40966312664129690921108561529181832696072425172136496544138498267147454594927988816813740151211282435139747111254168213376052305825286238817169532446169776194060288.000000
-265996445679087126152860902799999855439446880606359430506695017244224664701861459852663334322023818167144236519224928323212127804912382960445790136836502088312533549056.000000
-3835836105420776263203539001379319124816097626967626879842558516493459961063750014907072811439114187982989673518590198022502750592882835327098972130836940782076690432.000000
106551988803452343595297707892781042546452395533101677140037262898601207726084318573005280755795257486936251397815713882962609411532753336833184904198618225399824384.000000
37081817340633223016051206226650402578318152089234626079022286417219473943940743722349441645621153563631322080024212486318428187015674157716729185132452877750778200064.000000
13393473084660707591297980665003790882087180976178631350090483124085451350325485741831119270456305189128191994916521273139966324275930658719061817941977293053843472384.000000
-277213598681722453990814289021450340292648871369900243724689821611466087795475825183511944002864077695923939297422695510701904788355957112334273255678761019467890688.000000
6853109947739870149135465005661775114113326167764897760587194742730445672045208030530754213773200977047410458055656601433390232334436649674956417315997889918323371540480.000000
2329008207936446561842002371629389459674105197400436604889425578752622080878079876101953622004395171819858995240849976310310225225239998599615628365002256075924093009920.000000
721248589151465395986889634919604676178357315828693780101033698273785158801026730536958997062934806866869490165260973855437406057633513070463304634178294577367089152.000000
-37311369663259872618977753122437097699616090679394814162476889961777413922719748613943329179013539066218143303983321978791296871187433270629730049486492877787690744938496.000000
2117379269053219294015524422211550239530156000783980505997715732341680820661889929684548239465954297754384640869199974674188015984365285513475457623686239115713739489280.000000
0.001510
-2507888542842646736314781158850859916755460107319620166122114208619097527640086040205117673310426695945155173110721167146893641829878523431613678964972645683145815883776.000000
262536322804714483644402773290148705327909133689828883092698602297876949117923319120136534548927139032549251488135726789111725861827973554276634373805462123061738209280.000000
0.001621
395324135560370247537587617496173769719137876073714948410054812685862939879437295715034115264618306110194131240148466531248860376486000386637498539997918779766393012224.000000
-88215823280779849638344948249074931947645741133403956468202266185875338668302090377157826991265681479824908233954099169848833950728348790596314157401190604739430055936.000000
0.001724
16435660433034878604127346113134774730411472194354702444468556458242170352575738042979996054197105505615009879091098633737056838446826458644717358147075537700825071616.000000
9400634845098535630978637034328376219669800515116044291944244357041276678326908700650727632663996367118694865339734215421059413045555957595085070994814039034035175424.000000
0.001806
-21345226135138470340511817593317969185575189018296836457665148179581274276728915454423638780337740858703178235490780535101104771993973060817553284352210272032510705664.000000
1626236088602030140230625858744947677773338826746280476432012418567270212417440434976880526893993004919623419168798687863267539184125858358014921298096587532996182016.000000
0.001812
4910901790755916957947085679896133982743556208495075287534670137916458586234001378129091488605869274847585760064549034835758181676053323794519431169361257992724414464.000000
-755021644719103360336592981717131243298215287783085431136748775655659102428170592974836941963795337914627370142065973474463960070456487116985647946542919396081270784.000000
0.001809
-531629289042027139299411383050127491355510650335157141528308942679716581519177718122072751101482628792768595787896015943671703503497849737465238149041339751731298304.000000
393058700979900923690426659749661721975562887289500492662532796128032834964187327527248518745088369884190456234666209955245377192094708001945388091295136189037674496.000000
0.001703
-11705364966643129992275351584603388424542346579358069393153417910573136266149235336140316626795768268787742621258882156222015563160947878907393759574027498837357101056.000000
-2547169809348287899923153867481224060223322514024605871304881529353231095152946265333963544778836311112735798384143625552928872624874725866180973889922314777493766144.000000
0.001546
72589676034890517287129602605107167878710019839878252676213769894545773236466374121456268523765291351886339712036603054421773665273212534417311444489875728340336246784.000000
7512493024640966411844873176723252138847917850084641896008460376940454971966025381182523301976777741677536695255152609974394971830253523258177724065772577652087980032.000000
0.015331
1674939543339049423594754812707829066539308428347937922111526817336894949685321349850655936860924642213143014491470461888719938282922215555906080344588295204347540668416.000000
89412892122100724904687624841382859591088249590429006563836070868501435915234803418945220434365036945349451414715704953106799667916947637230568088776028542029774454784.000000
0.014765
-269967998845094215722878402991685916849177742205000521789594562818712435256560341939421041363286171274829575274886449758281834682548652433812095426600709374521125109760.000000
104656995486036405873795066965221489440188809527646648541819372759775358075010994060862300225359491086628504997567876613811197695826302222032151430554768069368123228160.000000
0.013802
-11792951138118279158467003595089170324778810035495985540434627032579727567083801737385161814868450490255876135005323154840893642352351374737650009820503782985624977408.000000
2540615214483506409312247382120821924994909422449971707481677057808028258609435100601420156709268098813484349565617914975887768551962714730848985842254474924573851648.000000
0.012150
14189793390037819843446236853379909146669844741912136857090309771220606748671847299147512029376929557664958535356829164491734779935181679617903064841858292003555508224.000000
104688426577196964303140713673842562270687247188942122910700353839532390018224038733850731116745552655972696764849371052322847168676154096712439288177340787231555584.000000
0.010410
-3312565655265096004562820718959759164580048586217706481250197819461988407933592263851139053769522836107279049655999699791594504631722707763339476398654059890952110080.000000
758198226461046577007389582654932807701495244232826587510608622310518197410068378176024068601713585151319352982019454992102479749465744754042242461704678975303843840.000000
0.008106
376960786200690083331906069496207513938243434447227128773403057236961691313048702960075428780825848871274503147545866005630157070474831673903298041996381605284806656.000000
59127419474308030174500994025472095415016358598982259685842757565567496219409651442673665520797868822694374608544487442938716311911966279133056112684625574097846272.000000
0.005647
7988764619537061954919708433006100817816177398484874227562910763263844638683102593669357952394575877266904500002197983676381750608422313696353076742595504726341582848.000000
3159440187414262396438878373233755080199233592520171348293557190883706330477516955022249461461495765042431959618355939085388198170776779407415543075415640534436282368.000000
0.003033
-48388428630257164705196666805487031959326065143754692785247096400262865395863199758300156050136054840246857337951088330295123475645423312576391165875974868358867714048.000000
3430474967055999079348649953055552068229329153051556672233270612171217798940782210500911413570636582077845271044087565251499122275772455965698465686741924044444008448.000000
