-755179343755785666449467789584025394768560252298307678250448716872139579846546068556759277768627761800124691721234770678595100569261068042967632705498101369465812811776.000000
-67521328423439001822926181348881926842904929785263495390753843186695143878546890670563142561137129817705015118386481626574866877803349762498635335512937829837595213824.000000
627144301779490183936360834848747745936434993563949224296491772255916823582231920160121659314378835900288321627877306302538623162719381630447550718198784343120742973440.000000
100668104279082498115157458781087957706351600353962929687248029216983391271238687154258528555299656695292303012316161131054612922327148667558731790689899397231492988928.000000
617588402012577733938713822839420858411287685333798888299338550081935263806056127872080991937654734653474666737190156689076367228715202136731686079024832614400174063616.000000
-58863096778091380900423280936639107348993598896484384962908195250207517501543953174087854801783676955448130433574660817408942398394220248137333441809538212655192342528.000000
154712257110503454365004340214715403779734562186437310984284391242349875461112911757639941139296035354614847318654314853212869896889478812840512430717429692571454537728.000000
60337683211752653769841967928874861448375271732893476206183017083796242874077360441215144841141743978893521969591528941518383746423873754933890964509480651628772065280.000000
127644408083013314174221646361330594841187362213623516741822661501791390075757164114167740796023656860461919551712945047918099289378895339227103512680288573595030913024.000000
-121192209667591365346501717845890283587164850251663772710599482708933779233281059021431864312958920296534120470373024988402233118658748660117490865764702526709767864320.000000
607189645818528943954823672997215856686162642682095653112073887392263817105539129295110047068783876779147909572782217306352537605357522636922940855651611217659456126976.000000
243367101238659227928325843190063423638021746261873347181983022496762065350111506112892330529889223421948074248724553405922272059023601068449296467343350631086451326976.000000
2683104780286453479009127360439227702685171960081758826368067801539513954099879828077913461304901178176190697013652332326145916807891897756432339899425551229638829670400.000000
2716996883137792535439378692158060662805320239356995693800859437048969918900796572786338370915214180248893715588702159741792108660825719786509444796010510645773920632832.000000
2716754001763966544770631882003255674570902224527987135064443447790850266596133017335478674442299969895552563712853490796242985105166465085416748108011003147563414061056.000000
0.000962
-28812448409617537697027953034294597924160048304414152542415864910368155162567243260857617241974474037858793383368773558737226885946543392110355925397142082968610349776896.000000
-5833212305124672549834221919692196135486778212671371231812834448639853976134266211238799959928123374954984511758439485659841654266645891645254862895253520620725846671360.000000
0.000848
-52127421015406950680696696918530609169333645662658254897375513408893372159864999075460587014640497472779249389922118277889507102873166489999258055259699499307731725058048.000000
10288612018745062881566380769235133835124928424189896490059728276244192511809571619288587257577320973718574674553782908111213048809061943368200420703787602710504350416896.000000
-4559634518827336700875179048398336924218776620858556393613703938096601732525105483228396335597324479499322442719968574938238750935125181441183594008366177517406703845376.000000
-4558837907218611779913378944921236678016460707569276003225711554744844900487419674853232148824283641146986586761127755546291959252880899812907832474667106852010782097408.000000
388597594667433307274431437833477662615960492696436031840822756803584065306563726464684580539915873449737425211084095908984131194517879453263106877312276234773314142208.000000
-4506235990164854861457060454951105756369073805991089822460227099431440723710706084931980681939892046059427934104832131550544014906561368771312689418733739077200886366208.000000
-187130035654631643806320488667945317984769587758103466033173631006783876564639418405509726641087288948025011146772836176810517471311549536321711852741854111913188786176.000000
-1014746124468819125160047503825249687930943633402927460797622791248793599432608496811924227699259291494738069092165308111534962037356617603317060273031521767198033969152.000000
68658782886322791335343707063771879265659841362874279493803587781681319356649125746026543556247602433054050370027607573991984422185432758047142464559770539993212125184.000000
-173467048272114914264587143178943466770973363786590187414521862397043423853027972489270924005709808884956472933895945095320776449888588357460708930211884809807055552512.000000
-17895214282977123722790023207217956266940637396310375917075472735681224551110869226703486879490179703717044042935245121985486771220191595690286083160328289726268178432.000000
-21250242972203057676702636373269115364451314711720990256126431976128947216580596948630417747636894696433712162947799175798859807109801665802834305097428208238412693504.000000
7082697634020631676406810836254964636924305546698641763263923173707249280548495761297813576821276383702439308945749349343695131236618950279051972052096430276312301568.000000
-11947272948155758849549700952346623408899011089649098208992919899631286669482619066861718842462127884026736705736547342242208997513574979740836600127762258696945532928.000000
14559743730662819002453931646297215676409870101078156845742768483807433589528482473498681807522692557198840202132547811514127571171887598290927561843659071779424436224.000000
-4743702353470656925086680138054174050787092658655844524026102278922705614691572858504534556900571679303460531501279538749840502912445010897459059831502726644633698304.000000
-12086741770979503123766184654284920405905881954665434871329332935756722079700788765374066871530630759034865155489886357708612649881626470340651420401590705696435863552.000000
0.001298
-68031906231760016900126656173886714071911669979661123220496179566471340983421382121864060738335597851277420693521487769466966496899718573013448817664433970692073979904.000000
13759870919613556632416893240100907043928607263087775102779137544863893846666538862753220321788883210233294828842626324218764314288534039507677202946887196378209976320.000000
0.001185
-7091275617874341292650008630899423191661574728287482916513349050146310619826807847549402420580621252960264848136270081633238278823320652009348626638967441317779103285248.000000
-1493136855907864603804861363510515954327740335351194065706789602149308514457808775910181099286040538724131316921078634328946379448194762879808351545797279483963755200512.000000
0.001080
22244115948878727620105610488357150597180801349635826295323820344593187490480270883726297091292686011228855167801218102585164254744562391474455747437475113323492703993856.000000
-2136981439754417714933105786887542203944113709378285466702165967239007594312481285096281047506000152414415030460332268043525925099539086233517978040956094933613192151040.000000
0.001207
-3957190167827611427198579330387287151121538984663986482891853351543203973180983616475974861007323533999524459251255578515759065783424428407392478586693645958282330767360.000000
795186133859050760338606182393101589797100703248823506141240013346036121227972008599081986207894105360964368796568558769101321442399067001324912078932586175544520867840.000000
0.001258
-13546845682728642969730209931142075113049330029431733216844760746000437296727076976053664317383527127288539773174076329691214596200289433760489695099431535899926593536.000000
-103610327876263390133366942298727392889042687488766550293627302877070058424236911037872718914555068828258016763806410916555501833225533818490415450773943814217143418880.000000
0.001261
105356684956217003499787351704148545292707636641288230864913061165311955293124693703111827312796941454612062945295708635423491005414500842801232764670790479596285329408.000000
-23307125069129304540702125116383028234619916224224916803784015777703589495758171412592925474432593884792818147105454858104581577921319258254972062732301542272805109760.000000
0.001213
288661494319542029003579590733087193466425424912641374180581806539112099994716919969565470503323713540314557389474781330412757898963924030070065526777966408532704100352.000000
24670728533075396999764662626663584551048245320415803483853716141752322100951502126786781087254352599736538494159302461905373965781955486186733664891418836435734626304.000000
0.001152
-17666173671382462417543299698404054540326313000885221980419865917789913914133866658232729363980842605645669176228360785326779782459378070428508377410276402930447810560.000000
188152667131445751349866050132050740839515536799284000569179724475269188858812160827767950923183588804423426875191868215158759566211421638981576476228754337098574594048.000000
0.001074
-7041159896218932017331973552529192701421709759940389389698242765930263604672416928645242241441373849762650255165596271874840262581630692595323389973825744892401505271808.000000
-1406136465558721937345586747958962574030183100935733475536374240047518771181649878380360561924433656670718310162796515758729382637541435355455356415694658162555105574912.000000
0.000964
39270916287148345588784806944189794977301981220334946161439990948947903483607433830310844168723446944106962637885519372624360976707588494648141011241747456966104675516416.000000
3740870197569230889522689237600621315375665655568077615589762429114297617390935553340780043530934471687501561265352836260049632969770777217797261261612937749665406779392.000000
-1134479750818960343340995482803058758145792421784846376275511246085129154185808451214741546090727298335214665461126678816564664434230998257613091738749136065789952.000000
-14817205084732903526194678166994171846963245474723757527116976725414197489776221713756003864357103687987527285560811078034081309071407752112425136232622341606197549858816.000000
-810110381630003760690033818360252269268359406542503705251807679948757142947094799616860913343950900970803516826940545534025863284873618562676268970130610498856827224064.000000
1825124695602684153844215546677692082410037195996802599137026043883303553876220490571290114857261025045039530102216094378671155830348600476036208172404052787724288.000000
2700831952723084867409382610659777949433881650356655461892197262366120368140649363643661947252736969882357945968577468786200994913822221183311703326554067163382349299712.000000
-920355561809921986963229930172777677818104384883006859824962668640462610450505111729000749592227774849137418459306099275215753637682759103730110464416931335405800783872.000000
-4315657877232030797980936840609546084294818829921395489289298440922021524021775878427403029353626716105531494143766303675836262025064181610514628728386650722271232.000000
17241800088069695725113914383338446120754327283384765887770505565281460346386558756497460746495167140931238414245380477657455432180853290704752117550318319758192148480.000000
-6246228037238139427466522336137907070715619774291224031108521875305204155194249792775670828991154853758380359273658027706418131312313951411907299242728348324114464768.000000
11062083862269563900743513563739472532820939005312766294698642590511656191385943273932191745232682878016837029598749053623804100914426777300028385454336988990668800.000000
-68733910220399526089292877983511856449024363325707898220321960426587817353845609530102313071696799264526510334929397241816718495348842279797377632979593800570911064064.000000
9611258265542765864194876366515063455987553061002035909474324810936912767626971302330888528564816642475584466964655234247546093927341879522683190324591192574143758336.000000
-28717362596407320227344622874845995132817725131288426312675610742334073940138292577716746994283517062164332253748243671473197011298942785326548137835018749604790272.000000
-190461541279502181966048490128338325123274919794524434509402644695866792711350822937074279913518428912195647083797407111877730729975883521022880004895340715643947188224.000000
-1851497527828273428518985351153350911408652664483942167616809545461424797633374093994329757579524602628982114444104758582528435124212915479411630465912756797924442112.000000
74692198236432418133589699845985263598888302203246308705250355325297911989511494681108743690221211746263713651609273092091126029537081702253879045575518744089722880.000000
26289697623147367661794001504041030878273161722661146408808923409160248016337490502021970194202237650703011626463321077745644911190919426370535312679440573898740989952.000000
9313167954669654336465988149619518382921989559242697054777074723438406695931980755716336042845563695160496684221598458623465845687911363480941773263378204629238022144.000000
-194324556827846503146989430921910079255547949617417235004759614852155158154404156099403009153657265624097538699834172559685063542171221230703235172407592376474796032.000000
4804074188004588389767334260423583576120218512348534832163355408902313686393058674905543386622571780135553516896227187388181015469951378814650546840534733596341613625344.000000
1632620457657978695951064715553092214840414208215724505302199741158464646824567100935841358642285028187918175067145163840247135699805037753245427465045342489163465752576.000000
505589585188446673723112820745649794146895593858063398486822838250805566314856513245071055759919601754704891542884936416543704167005754682812815980029265444268408832.000000
-26154979565095354279333810547950803692092674274821733265149617467790867209728381647966261905237033838874307260174936572829274344845428867192154884230957724309468332687360.000000
1484272900484000945938958485789542685820406323991607185670024848908559371716860215780277135021389116913198063154854144557278323025011770544424540322685962022351114600448.000000
0.001366
5456860412829407310454777858592493849132786535192478002564413076018005845625964586589478874678911868924530783367834947732640311520988230403222639965706988394120963162112.000000
-571422562332358231328766565691078038341268387836406255167865141819019347363327494594416217219454387174208280199437482700107081420711993240376734616204024902944307544064.000000
0.001492
-859536395398006080320133571479500135069724738014212275277360480287789804547730132639696028066452617361866291538389559483886849537409511642766455885942574547402756194304.000000
191869915800922787248560409299383313000606664898203614135636915602011813586851530735211694722608733766161030298259088419072340700821663790745871577253991051004886384640.000000
0.001611
-35800804340116766789243537116269908060895711494390508943329682064922104885418856786439074323202356243223522868065317297514972416421065242218231979992892349964739411968.000000
-20414713500245099394408496807900793780516030580198503572409122757913342151474006130798472603492382896864011702609337998655401776451557700405727281283669593288479866880.000000
0.001697
46031180233607454308504425386592096466466718058090670719458833641807473860476953979014440029421540505019174484079074379670669413851777237338957083935681596105806577664.000000
-3603176692594815944491431714671465371443669910941726077594842986393040462615719938233415187203676483738021005829671636109219156889939184995784626751598668734439358464.000000
0.001746
-8920654580224641885527660691918876569054894692230394003130772916435978623385359735503753846664973968942974589358338241303712022220132891189775442994786971321165152256.000000
1773507154668189571670985575868749745690480496108934484585832564920056798598822311969574755009446511072609833197879641703186601641014292754607510534420909467612741632.000000
0.001742
-116865161675113194471917680653228616909677533246156557530578390119766923814519588938616586238539515838852330664459070279591941311268517516052097483642786103668244480.000000
-63661916271925111619631181594871361384351747670706626587008351052411577243461127603579862869884631662329196540812992754151549880243451795901563625032855687494893568.000000
0.001657
-7645108519763577801483205198732368607471688778152868583896697034563495786216314324449647865638148021461122012954794319137556369950860468674963006426262011919166603264.000000
-1788193872278638556371438541884204660468453363041018444993522384133173213182355605331477171400410567262858168721979105994081236416246430817053616838711398471988936704.000000
0.001489
50222123505411844794654884435189269686534799515922674657193033582533519235844178728422822785834501372497314752670951030875828521392770392761349294265384402467409625088.000000
5225783014572334755547886448164763487394083659145980882800012611968481093714279170983210926046518205978955355518602663574217078780838692922670233109184849285727911936.000000
0.013144
-3643254009120456051587734929827202028909120596476459826958813191892531262910280771049983994664922154256652570618839476083506192897406438600412673742451606118159519580160.000000
-195865851397852827740731401417693657409615814316098531244574695951308612897798379573467782065497606529569004201839091341936584738554230558457411873942671066833300226048.000000
0.012672
586820378640819665187746214190908955332869729356836282704585038894575674742624514316290738691078056964611865827402318637837321162266004189545271732958699569746827804672.000000
-227812953854089896674684075461670794367177175567616200796589618013321555787174984107627318288422332750042587480005379549923667903174902694456732762307988644548170481664.000000
0.012157
25681176624728265712054673491917940604035215110355092760079349991408309967162202203176435376514590861815373426610371919806484613351744859635800295797570136898212462592.000000
-5578772607225901021273290465298942189789600567301491655872686619002215435845351706152009670022712215831970647272428206024446738665610446976969379904084099986131779584.000000
0.011392
-30585985151505795413236692784227673103704686369641569976941111712944710432062493422272628062568228358589041392342617171933224535274698461244614062231667382948726833152.000000
-169642888904840956273404923738560650546765483836874233932795635999522292406723937492573513687468961189831337850471155590440866343571463177568231594629438350735441920.000000
0.010212
6035743556809613405146027217753575029812281860583903822589019045608794843185691145023675328724237904876303204035121301948506475214532949294261091996179702478681407488.000000
-1628410866526284841233253279557673823541218000889291876451752212619107125589616577236954297840490937285468280594640752415085539869781487828816100511563504900120772608.000000
0.008362
102521731744938849175678067550249716351008862983276818733181583684697539677555108285441247773620079759114956759530539725093644798510239989304982343148897297126916096.000000
137242759987769761861443451890611894166831032469395174742175514667547846880584321383241090782124513196275167629877162096020647883135282981655885222643431755388813312.000000
0.006192
5224946248536455975518879052791319151520869457370258094143092149187385609087476719957295571959513985427671135774869050918702251859666093107684888273583910363940782080.000000
2191710685734780420270099518353480915209562745068876737293699408497541145907807269553117510684312027145953936387903706048581947246961568434896315500108304675552362496.000000
0.003344
-33476478907287606370118283500358007029507760747810887240819586726665324793872686434292839348269602211327439637770801220619302093548184010780926664422064352675644833792.000000
2362339406310285119353724567489893697561391257358606894611768994021272777992189653745719545762955440211106874958831511429825349182972527216595703237737979615947784192.000000
