0.004031
0.002364
0.002442
0.002333
0.001931
0.002048
-0.000694
0.001387
0.000313
0.000713
-0.000444
0.000311
0.001505
-0.002336
0.001650
0.001683
0.010579
0.016746
0.001779
0.012177
-0.016743
0.002171
-0.001329
0.000312
-0.001509
0.000668
0.000571
0.001311
-0.000178
0.001896
0.000466
0.002139
-0.001271
-0.002202
0.002148
-0.001178
0.001186
0.011917
-0.021992
0.001136
0.013406
0.020856
0.001897
0.145420
0.015742
0.002121
0.282358
0.012677
0.002269
0.383190
0.008266
0.002356
0.437409
0.002989
0.002386
0.438846
-0.002734
0.002335
0.386169
-0.008115
0.002198
0.286579
-0.012581
0.002006
0.150023
-0.015717
0.017200
0.147732
0.016808
0.016559
0.282933
0.015983
0.015815
0.384767
0.008322
0.014634
0.439191
0.009960
0.012754
0.441742
-0.002826
0.010217
0.386444
-0.000363
0.007301
0.289005
-0.014034
0.003977
0.152914
-0.010307
0.001279
0.181378
0.019712
0.001426
0.353749
0.016087
0.001501
0.483062
0.010818
0.001566
0.556218
0.004305
0.001573
0.563141
-0.002913
0.001528
0.500763
-0.010103
0.001426
0.373084
-0.016385
0.001319
0.194113
-0.020659
0.013824
0.182983
0.022395
0.013444
0.355910
0.021725
0.012541
0.483298
0.013408
0.011272
0.558297
0.009621
0.009596
0.564580
-0.003241
0.007569
0.501758
-0.006401
0.005178
0.373869
-0.011396
0.002627
0.194786
-0.017455
