0.003625
-0.000009
0.001314
0.000001
-0.000000
-0.000002
0.003698
0.000266
0.001314
0.000001
-0.000000
-0.000002
0.003698
-0.000060
0.001388
0.000000
-0.000000
-0.000001
0.003778
-0.000098
0.001389
0.000001
-0.000000
-0.000002
0.003825
0.000226
0.001368
0.000002
-0.000000
-0.000002
0.003877
0.000092
0.001421
0.000001
-0.000000
-0.000001
0.003929
0.000099
0.001473
0.000001
-0.000000
-0.000001
0.003981
0.000108
0.001525
0.000001
-0.000000
-0.000001
0.004032
0.000101
0.001578
0.000001
-0.000000
-0.000001
0.004084
0.000085
0.001631
0.000002
-0.000000
-0.000002
0.004084
0.000059
0.001686
0.000001
-0.000000
-0.000001
0.004084
0.000076
0.001760
0.000001
-0.000000
-0.000002
0.004085
-0.000089
0.001816
0.000001
-0.000000
-0.000002
0.004032
0.000040
0.001867
0.000001
-0.000000
-0.000001
0.003980
0.000078
0.001920
0.000001
-0.000000
-0.000001
0.003927
0.000233
0.001971
0.000001
-0.000000
-0.000001
0.003875
0.000077
0.002022
0.000001
-0.000000
-0.000001
0.003823
0.000098
0.002073
0.000001
-0.000000
-0.000002
0.003776
0.000141
0.002052
0.000000
-0.000000
-0.000001
0.003696
0.000036
0.002126
0.000001
-0.000000
-0.000001
0.003623
-0.000078
0.002126
0.000001
-0.000000
-0.000002
0.003623
0.000004
0.002052
0.000001
-0.000000
-0.000001
0.003623
-0.000003
0.001979
0.000001
-0.000000
-0.000001
0.003623
0.000003
0.001905
0.000001
-0.000000
-0.000001
0.003623
0.000001
0.001831
0.000001
-0.000000
-0.000001
0.003623
-0.000009
0.001758
0.000001
-0.000000
-0.000001
0.003624
-0.000003
0.001684
0.000001
-0.000000
-0.000001
0.003624
-0.000004
0.001610
0.000001
-0.000000
-0.000001
0.003624
0.000008
0.001536
0.000001
-0.000000
-0.000001
0.003624
0.000008
0.001462
0.000001
-0.000000
-0.000001
0.003624
0.000001
0.001388
0.000001
-0.000000
-0.000001
0.003698
0.000079
0.001462
0.000001
-0.000000
-0.000001
0.003778
0.000060
0.001463
0.000001
-0.000000
-0.000001
0.003825
0.000198
0.001473
0.000001
-0.000000
-0.000001
0.003877
0.000184
0.001525
0.000001
-0.000000
-0.000001
0.003928
0.000150
0.001578
0.000001
-0.000000
-0.000001
0.003980
0.000151
0.001630
0.000001
-0.000000
-0.000001
0.003980
0.000050
0.001723
0.000001
-0.000000
-0.000001
0.003980
0.000025
0.001816
0.000001
-0.000000
-0.000001
0.003928
-0.000027
0.001868
0.000001
-0.000000
-0.000001
0.003875
0.000166
0.001918
0.000001
-0.000000
-0.000001
0.003823
-0.000102
0.001970
0.000001
-0.000000
-0.000001
0.003776
-0.000094
0.001979
0.000001
-0.000000
-0.000001
0.003697
0.000142
0.001979
0.000001
-0.000000
-0.000001
0.003697
0.000135
0.002052
0.000001
-0.000000
-0.000001
0.003697
0.000143
0.001905
0.000001
-0.000000
-0.000001
0.003697
0.000124
0.001832
0.000001
-0.000000
-0.000001
0.003697
0.000112
0.001758
0.000001
-0.000000
-0.000001
0.003697
0.000106
0.001684
0.000001
-0.000000
-0.000001
0.003698
0.000106
0.001610
0.000001
-0.000000
-0.000001
0.003698
0.000091
0.001536
0.000001
-0.000000
-0.000001
0.003777
0.000128
0.001537
0.000001
-0.000000
-0.000001
0.003826
0.000007
0.001637
0.000001
-0.000000
-0.000002
0.003864
0.000040
0.001594
0.000001
-0.000000
-0.000002
0.003905
0.000131
0.001638
0.000002
-0.000000
-0.000001
0.003906
0.000039
0.001686
0.000002
-0.000000
-0.000001
0.003907
0.000031
0.001764
0.000002
-0.000000
-0.000001
0.003904
0.000178
0.001810
0.000001
-0.000000
-0.000001
0.003922
0.000074
0.001808
0.000001
0.000001
-0.000002
0.003861
0.000109
0.001853
0.000001
-0.000000
-0.000001
0.003803
0.000091
0.001908
0.000001
-0.000000
-0.000002
0.003776
-0.000033
0.001909
0.000001
-0.000000
-0.000001
0.003776
-0.000004
0.001864
0.000002
-0.000000
-0.000001
0.003804
0.000271
0.001865
0.000001
-0.000000
-0.000001
0.003826
0.000092
0.001819
0.000001
-0.000000
-0.000002
0.003776
0.000027
0.001833
0.000001
-0.000000
-0.000001
0.003773
0.000032
0.001760
0.000002
-0.000000
-0.000001
0.003773
-0.000149
0.001685
0.000002
-0.000000
-0.000001
0.003777
-0.000049
0.001611
0.000001
-0.000000
-0.000001
0.003990
0.000215
0.001692
0.000002
-0.000000
-0.000002
0.003989
0.000014
0.001767
0.000002
-0.000000
-0.000002
0.004079
0.000262
0.003300
0.000004
0.000021
-0.000002
0.003829
0.000078
0.001572
0.000001
-0.000000
-0.000002
0.003322
-0.000009
0.001077
0.000001
-0.000000
-0.000003
0.003395
0.000264
0.001076
0.000001
-0.000000
-0.000002
0.003396
-0.000059
0.001150
0.000001
-0.000000
-0.000002
0.003475
-0.000103
0.001149
0.000001
-0.000000
-0.000003
0.003522
0.000226
0.001128
0.000001
-0.000000
-0.000003
0.003574
0.000089
0.001181
0.000002
-0.000000
-0.000003
0.003626
0.000096
0.001233
0.000002
-0.000000
-0.000003
0.003678
0.000105
0.001285
0.000002
-0.000000
-0.000003
0.003730
0.000099
0.001336
0.000002
-0.000000
-0.000003
0.003782
0.000083
0.001389
0.000002
-0.000000
-0.000003
0.003782
0.000057
0.001445
0.000002
-0.000000
-0.000003
0.003781
0.000073
0.001519
0.000002
-0.000000
-0.000003
0.003781
-0.000090
0.001574
0.000002
-0.000000
-0.000003
0.003729
0.000040
0.001626
0.000002
-0.000000
-0.000003
0.003675
0.000078
0.001677
0.000002
-0.000000
-0.000003
0.003625
0.000233
0.001730
0.000002
-0.000000
-0.000003
0.003573
0.000076
0.001782
0.000002
-0.000000
-0.000003
0.003521
0.000095
0.001834
0.000001
-0.000000
-0.000003
0.003474
0.000140
0.001813
0.000001
-0.000000
-0.000003
0.003393
0.000034
0.001887
0.000001
-0.000000
-0.000002
0.003320
-0.000076
0.001887
0.000001
-0.000000
-0.000003
0.003321
0.000004
0.001813
0.000002
-0.000000
-0.000003
0.003321
-0.000005
0.001739
0.000002
-0.000000
-0.000003
0.003321
0.000001
0.001666
0.000002
-0.000000
-0.000003
0.003321
-0.000001
0.001592
0.000002
-0.000000
-0.000003
0.003321
-0.000009
0.001518
0.000002
-0.000000
-0.000003
0.003322
-0.000004
0.001445
0.000002
-0.000000
-0.000003
0.003322
-0.000006
0.001371
0.000002
-0.000000
-0.000003
0.003323
0.000006
0.001297
0.000002
-0.000000
-0.000003
0.003323
0.000007
0.001224
0.000002
-0.000000
-0.000003
0.003322
0.000001
0.001150
0.000002
-0.000000
-0.000003
0.003396
0.000078
0.001224
0.000002
-0.000000
-0.000002
0.003476
0.000059
0.001223
0.000002
-0.000000
-0.000002
0.003522
0.000199
0.001233
0.000002
-0.000000
-0.000002
0.003574
0.000178
0.001285
0.000002
-0.000000
-0.000002
0.003626
0.000149
0.001337
0.000002
-0.000000
-0.000003
0.003678
0.000151
0.001388
0.000002
-0.000000
-0.000003
0.003677
0.000049
0.001481
0.000002
-0.000000
-0.000003
0.003677
0.000022
0.001573
0.000002
-0.000000
-0.000002
0.003624
-0.000028
0.001624
0.000002
-0.000000
-0.000002
0.003573
0.000164
0.001677
0.000001
-0.000000
-0.000002
0.003521
-0.000104
0.001730
0.000001
-0.000000
-0.000002
0.003474
-0.000095
0.001739
0.000001
-0.000000
-0.000002
0.003395
0.000140
0.001739
0.000002
-0.000000
-0.000002
0.003395
0.000134
0.001813
0.000001
-0.000000
-0.000002
0.003395
0.000142
0.001666
0.000002
-0.000000
-0.000002
0.003395
0.000123
0.001592
0.000002
-0.000000
-0.000002
0.003395
0.000111
0.001518
0.000002
-0.000000
-0.000002
0.003395
0.000106
0.001445
0.000002
-0.000000
-0.000002
0.003396
0.000106
0.001371
0.000002
-0.000000
-0.000002
0.003396
0.000088
0.001297
0.000002
-0.000000
-0.000002
0.003475
0.000126
0.001297
0.000002
-0.000000
-0.000002
0.003523
0.000006
0.001396
0.000002
-0.000000
-0.000003
0.003562
0.000039
0.001353
0.000002
-0.000000
-0.000003
0.003604
0.000130
0.001394
0.000002
-0.000000
-0.000003
0.003605
0.000038
0.001441
0.000002
-0.000000
-0.000002
0.003603
0.000029
0.001519
0.000002
-0.000000
-0.000002
0.003601
0.000177
0.001566
0.000001
-0.000000
-0.000002
0.003599
0.000068
0.001566
0.000001
0.000000
-0.000003
0.003559
0.000106
0.001612
0.000001
-0.000000
-0.000002
0.003501
0.000090
0.001668
0.000002
-0.000000
-0.000002
0.003474
-0.000038
0.001669
0.000001
-0.000000
-0.000002
0.003474
-0.000007
0.001622
0.000002
-0.000000
-0.000002
0.003502
0.000273
0.001624
0.000002
-0.000000
-0.000002
0.003524
0.000093
0.001577
0.000001
-0.000000
-0.000003
0.003474
0.000025
0.001591
0.000002
-0.000000
-0.000002
0.003471
0.000031
0.001518
0.000002
-0.000000
-0.000002
0.003471
-0.000150
0.001443
0.000002
-0.000000
-0.000002
0.003475
-0.000050
0.001370
0.000001
-0.000000
-0.000002
0.003668
0.000216
0.001430
0.000002
-0.000000
-0.000003
0.003668
0.000013
0.001514
0.000002
-0.000000
-0.000003
0.003727
0.000260
0.002794
0.000004
0.000018
-0.000003
0.003527
0.000075
0.001332
0.000002
-0.000000
-0.000003
0.002836
-0.000008
0.000802
0.000001
-0.000000
-0.000004
0.002904
0.000253
0.000802
0.000001
-0.000000
-0.000003
0.002904
-0.000057
0.000870
0.000001
-0.000000
-0.000003
0.002978
-0.000110
0.000868
0.000001
-0.000000
-0.000004
0.003022
0.000220
0.000848
0.000001
-0.000000
-0.000004
0.003070
0.000082
0.000898
0.000002
-0.000000
-0.000004
0.003118
0.000091
0.000947
0.000002
-0.000000
-0.000004
0.003166
0.000099
0.000996
0.000002
-0.000000
-0.000004
0.003213
0.000093
0.001046
0.000002
-0.000000
-0.000004
0.003261
0.000078
0.001095
0.000002
-0.000000
-0.000004
0.003261
0.000053
0.001147
0.000002
-0.000000
-0.000004
0.003260
0.000069
0.001216
0.000002
-0.000000
-0.000004
0.003260
-0.000094
0.001268
0.000002
-0.000000
-0.000004
0.003210
0.000040
0.001316
0.000002
-0.000000
-0.000004
0.003161
0.000076
0.001364
0.000002
-0.000000
-0.000004
0.003112
0.000235
0.001412
0.000002
-0.000000
-0.000004
0.003063
0.000073
0.001461
0.000002
-0.000000
-0.000004
0.003016
0.000085
0.001510
0.000002
-0.000000
-0.000005
0.002972
0.000141
0.001491
0.000002
-0.000000
-0.000004
0.002899
0.000030
0.001559
0.000001
-0.000000
-0.000003
0.002830
-0.000068
0.001559
0.000001
-0.000000
-0.000004
0.002829
0.000003
0.001491
0.000002
-0.000000
-0.000004
0.002828
-0.000007
0.001422
0.000002
-0.000000
-0.000004
0.002828
-0.000003
0.001353
0.000002
-0.000000
-0.000004
0.002827
-0.000002
0.001284
0.000002
-0.000000
-0.000004
0.002830
-0.000011
0.001215
0.000002
-0.000000
-0.000004
0.002832
-0.000006
0.001146
0.000002
-0.000000
-0.000004
0.002833
-0.000008
0.001077
0.000002
-0.000000
-0.000004
0.002834
0.000004
0.001009
0.000002
-0.000000
-0.000004
0.002835
0.000005
0.000940
0.000002
-0.000000
-0.000004
0.002835
0.000000
0.000871
0.000002
-0.000000
-0.000004
0.002903
0.000075
0.000939
0.000002
-0.000000
-0.000004
0.002977
0.000058
0.000936
0.000002
-0.000000
-0.000006
0.003021
0.000200
0.000946
0.000002
-0.000000
-0.000004
0.003069
0.000178
0.000995
0.000002
-0.000000
-0.000004
0.003117
0.000147
0.001045
0.000002
-0.000000
-0.000004
0.003164
0.000149
0.001094
0.000002
-0.000000
-0.000004
0.003163
0.000047
0.001181
0.000002
-0.000000
-0.000004
0.003161
0.000018
0.001267
0.000002
-0.000000
-0.000004
0.003113
-0.000031
0.001316
0.000002
-0.000000
-0.000003
0.003063
0.000159
0.001363
0.000001
-0.000000
-0.000003
0.003015
-0.000106
0.001412
0.000002
-0.000000
-0.000003
0.002971
-0.000096
0.001422
0.000002
-0.000000
-0.000003
0.002897
0.000137
0.001421
0.000002
-0.000000
-0.000004
0.002898
0.000131
0.001490
0.000001
-0.000000
-0.000003
0.002897
0.000140
0.001352
0.000002
-0.000000
-0.000004
0.002896
0.000122
0.001283
0.000002
-0.000000
-0.000004
0.002899
0.000109
0.001214
0.000002
-0.000000
-0.000003
0.002901
0.000105
0.001146
0.000002
-0.000000
-0.000003
0.002902
0.000105
0.001077
0.000002
-0.000000
-0.000003
0.002903
0.000086
0.001008
0.000002
-0.000000
-0.000003
0.002977
0.000120
0.001005
0.000002
-0.000000
-0.000003
0.003021
0.000005
0.001098
0.000002
-0.000000
-0.000004
0.003057
0.000037
0.001059
0.000002
-0.000000
-0.000004
0.003094
0.000127
0.001101
0.000002
-0.000000
-0.000004
0.003095
0.000036
0.001145
0.000002
-0.000000
-0.000003
0.003094
0.000027
0.001218
0.000002
-0.000000
-0.000003
0.003090
0.000175
0.001261
0.000002
-0.000000
-0.000005
0.003090
0.000059
0.001261
0.000001
0.000000
-0.000004
0.003049
0.000101
0.001302
0.000002
-0.000000
-0.000004
0.002995
0.000088
0.001354
0.000003
-0.000000
-0.000004
0.002971
-0.000043
0.001356
0.000001
-0.000000
-0.000003
0.002969
-0.000015
0.001310
0.000003
-0.000000
-0.000002
0.002994
0.000277
0.001312
0.000002
-0.000000
-0.000004
0.003017
0.000091
0.001268
0.000002
-0.000000
-0.000005
0.002970
0.000023
0.001281
0.000002
-0.000000
-0.000003
0.002970
0.000030
0.001212
0.000002
-0.000000
-0.000003
0.002972
-0.000153
0.001142
0.000003
-0.000000
-0.000003
0.002976
-0.000051
0.001074
0.000002
-0.000000
-0.000003
0.003131
0.000216
0.001118
0.000002
-0.000000
-0.000004
0.003131
0.000013
0.001214
0.000002
-0.000000
-0.000004
0.003194
0.000255
0.002258
0.000004
0.000014
-0.000003
0.003025
0.000072
0.001038
0.000002
-0.000000
-0.000004
0.002116
-0.000005
0.000530
0.000001
-0.000000
-0.000007
0.002172
0.000231
0.000531
0.000001
-0.000000
-0.000005
0.002174
-0.000051
0.000587
0.000001
-0.000000
-0.000005
0.002234
-0.000118
0.000590
0.000001
-0.000000
-0.000006
0.002271
0.000203
0.000575
0.000001
-0.000000
-0.000006
0.002312
0.000071
0.000614
0.000002
-0.000000
-0.000007
0.002353
0.000079
0.000652
0.000002
-0.000000
-0.000007
0.002393
0.000090
0.000691
0.000002
-0.000000
-0.000007
0.002436
0.000082
0.000728
0.000002
-0.000000
-0.000007
0.002476
0.000070
0.000768
0.000003
-0.000000
-0.000007
0.002479
0.000047
0.000810
0.000002
-0.000000
-0.000007
0.002479
0.000061
0.000866
0.000003
-0.000000
-0.000007
0.002481
-0.000098
0.000909
0.000003
-0.000000
-0.000007
0.002443
0.000041
0.000949
0.000003
-0.000000
-0.000007
0.002403
0.000073
0.000989
0.000003
-0.000000
-0.000007
0.002365
0.000235
0.001031
0.000003
-0.000000
-0.000007
0.002326
0.000069
0.001070
0.000003
-0.000000
-0.000006
0.002286
0.000071
0.001110
0.000003
-0.000000
-0.000007
0.002249
0.000143
0.001095
0.000002
-0.000000
-0.000005
0.002186
0.000023
0.001150
0.000001
-0.000000
-0.000005
0.002129
-0.000052
0.001150
0.000001
-0.000000
-0.000007
0.002132
0.000001
0.001093
0.000003
-0.000000
-0.000006
0.002133
-0.000010
0.001036
0.000004
-0.000000
-0.000007
0.002133
-0.000007
0.000980
0.000004
-0.000000
-0.000007
0.002132
-0.000006
0.000923
0.000003
-0.000000
-0.000007
0.002128
-0.000013
0.000867
0.000003
-0.000000
-0.000007
0.002125
-0.000009
0.000811
0.000003
-0.000000
-0.000007
0.002122
-0.000010
0.000755
0.000003
-0.000000
-0.000007
0.002121
0.000002
0.000699
0.000002
-0.000000
-0.000007
0.002120
0.000002
0.000643
0.000002
-0.000000
-0.000006
0.002118
-0.000001
0.000586
0.000002
-0.000000
-0.000006
0.002175
0.000070
0.000643
0.000002
-0.000000
-0.000006
0.002236
0.000070
0.000646
0.000002
-0.000000
-0.000005
0.002271
0.000201
0.000656
0.000002
-0.000000
-0.000006
0.002314
0.000176
0.000693
0.000002
-0.000000
-0.000005
0.002354
0.000144
0.000732
0.000002
-0.000000
-0.000006
0.002397
0.000147
0.000768
0.000002
-0.000000
-0.000005
0.002400
0.000044
0.000839
0.000002
-0.000000
-0.000006
0.002404
0.000010
0.000909
0.000002
-0.000000
-0.000005
0.002364
-0.000034
0.000948
0.000002
-0.000000
-0.000005
0.002326
0.000151
0.000990
0.000001
-0.000000
-0.000004
0.002286
-0.000104
0.001030
0.000002
-0.000000
-0.000004
0.002251
-0.000099
0.001038
0.000002
-0.000000
-0.000005
0.002190
0.000133
0.001037
0.000003
-0.000000
-0.000005
0.002189
0.000125
0.001094
0.000002
-0.000000
-0.000004
0.002189
0.000136
0.000981
0.000003
-0.000000
-0.000005
0.002188
0.000119
0.000924
0.000003
-0.000000
-0.000005
0.002185
0.000108
0.000868
0.000003
-0.000000
-0.000006
0.002181
0.000103
0.000812
0.000003
-0.000000
-0.000006
0.002178
0.000103
0.000755
0.000003
-0.000000
-0.000006
0.002177
0.000082
0.000699
0.000002
-0.000000
-0.000006
0.002238
0.000112
0.000702
0.000002
-0.000000
-0.000005
0.002275
-0.000005
0.000778
0.000002
-0.000000
-0.000007
0.002305
0.000033
0.000743
0.000003
-0.000000
-0.000006
0.002340
0.000120
0.000773
0.000002
-0.000000
-0.000006
0.002345
0.000032
0.000809
0.000003
-0.000000
-0.000005
0.002343
0.000023
0.000868
0.000003
-0.000000
-0.000005
0.002346
0.000167
0.000904
-0.000001
-0.000000
-0.000002
0.002356
0.000052
0.000904
0.000002
0.000000
-0.000005
0.002319
0.000095
0.000940
-0.000001
-0.000000
-0.000001
0.002271
0.000079
0.000983
-0.000000
-0.000000
-0.000001
0.002250
-0.000043
0.000984
0.000002
-0.000000
-0.000001
0.002252
-0.000018
0.000952
0.000002
-0.000000
0.000000
0.002272
0.000279
0.000956
0.000001
-0.000000
-0.000002
0.002292
0.000088
0.000913
-0.000001
-0.000000
-0.000004
0.002249
0.000014
0.000926
0.000000
-0.000000
-0.000001
0.002242
0.000028
0.000871
0.000003
-0.000000
-0.000004
0.002239
-0.000158
0.000814
0.000002
-0.000000
-0.000005
0.002238
-0.000049
0.000758
0.000001
-0.000000
-0.000003
0.002370
0.000216
0.000813
0.000002
-0.000000
-0.000005
0.002371
0.000012
0.000866
0.000003
-0.000000
-0.000006
0.002427
0.000242
0.001578
0.000006
0.000009
-0.000004
0.002278
0.000067
0.000728
0.000002
-0.000000
-0.000006
0.002331
0.000106
0.000923
-0.000000
-0.000000
-0.000001
0.000925
-0.000002
0.000271
0.000002
-0.000000
-0.000007
0.001090
0.000203
0.000274
0.000002
-0.000000
-0.000006
0.001089
-0.000036
0.000295
0.000001
-0.000000
-0.000006
0.001111
-0.000119
0.000294
0.000001
-0.000000
-0.000007
0.001123
0.000175
0.000286
0.000001
-0.000000
-0.000007
0.001138
0.000063
0.000300
0.000002
-0.000000
-0.000007
0.001153
0.000068
0.000313
0.000002
-0.000000
-0.000007
0.001169
0.000078
0.000326
0.000002
-0.000000
-0.000007
0.001185
0.000071
0.000340
0.000002
-0.000000
-0.000008
0.001199
0.000061
0.000355
0.000003
-0.000000
-0.000008
0.001200
0.000042
0.000371
0.000002
-0.000000
-0.000008
0.001200
0.000054
0.000392
0.000003
-0.000000
-0.000008
0.001202
-0.000101
0.000408
0.000003
-0.000000
-0.000008
0.001189
0.000041
0.000425
0.000003
-0.000000
-0.000008
0.001174
0.000071
0.000439
0.000003
-0.000000
-0.000007
0.001166
0.000235
0.000461
0.000003
-0.000000
-0.000007
0.001153
0.000066
0.000478
0.000003
-0.000000
-0.000007
0.001138
0.000058
0.000493
0.000003
-0.000000
-0.000007
0.001125
0.000148
0.000487
0.000002
-0.000000
-0.000008
0.001106
0.000015
0.000659
0.000004
-0.000000
-0.000007
0.000818
-0.000027
0.000593
0.000004
-0.000000
-0.000007
0.000901
-0.000000
0.000479
0.000004
-0.000000
-0.000007
0.000905
-0.000010
0.000458
0.000002
-0.000000
-0.000007
0.000906
-0.000009
0.000437
0.000002
-0.000000
-0.000007
0.000907
-0.000008
0.000416
0.000002
-0.000000
-0.000007
0.000909
-0.000013
0.000395
0.000001
-0.000000
-0.000007
0.000911
-0.000011
0.000375
0.000001
-0.000000
-0.000007
0.000913
-0.000010
0.000354
0.000001
-0.000000
-0.000007
0.000915
0.000000
0.000333
0.000002
-0.000000
-0.000007
0.000921
0.000000
0.000312
0.000002
-0.000000
-0.000007
0.000925
-0.000001
0.000292
0.000001
-0.000000
-0.000007
0.001089
0.000066
0.000315
0.000002
-0.000000
-0.000006
0.001111
0.000081
0.000315
0.000002
-0.000000
-0.000006
0.001125
0.000183
0.000316
0.000002
-0.000000
-0.000007
0.001140
0.000173
0.000329
0.000001
-0.000000
-0.000006
0.001156
0.000140
0.000343
0.000002
-0.000000
-0.000007
0.001172
0.000144
0.000356
0.000002
-0.000000
-0.000006
0.001170
0.000041
0.000382
0.000002
-0.000000
-0.000008
0.001176
-0.000002
0.000408
0.000002
-0.000000
-0.000006
0.001161
0.000045
0.000422
0.000003
-0.000000
-0.000006
0.001152
0.000051
0.000445
0.000002
-0.000000
-0.000005
0.001139
-0.000097
0.000461
0.000002
-0.000000
-0.000005
0.001124
-0.000104
0.000466
0.000003
-0.000000
-0.000006
0.001101
0.000127
0.000464
0.000001
-0.000000
-0.000006
0.001102
0.000112
0.000485
0.000002
-0.000000
-0.000005
0.001100
0.000129
0.000442
0.000001
-0.000000
-0.000006
0.001097
0.000114
0.000421
0.000000
-0.000000
-0.000006
0.001095
0.000107
0.000399
0.000001
-0.000000
-0.000006
0.001093
0.000102
0.000378
0.000001
-0.000000
-0.000006
0.001092
0.000100
0.000357
0.000001
-0.000000
-0.000006
0.001091
0.000078
0.000336
0.000002
-0.000000
-0.000006
0.001113
0.000096
0.000336
0.000002
-0.000000
-0.000006
0.001128
0.000001
0.000364
0.000002
-0.000000
-0.000006
0.001139
0.000027
0.000350
0.000003
-0.000000
-0.000006
0.001151
0.000108
0.000358
0.000002
-0.000000
-0.000004
0.001151
0.000025
0.000369
0.000003
-0.000000
-0.000003
0.001148
0.000017
0.000391
0.000002
-0.000000
-0.000006
0.001154
0.000145
0.000405
0.000001
-0.000000
-0.000006
0.001207
0.000041
0.000407
0.000001
0.000001
-0.000005
0.001147
0.000072
0.000420
0.000003
-0.000000
0.000002
0.001132
0.000084
0.000444
0.000002
-0.000000
-0.000007
0.001123
-0.000034
0.000445
0.000002
-0.000000
-0.000008
0.001147
0.000088
0.000426
0.000001
-0.000000
0.000000
0.001135
0.000067
0.000418
0.000001
-0.000000
-0.000007
0.001120
-0.000009
0.000420
0.000003
-0.000000
-0.000006
0.001117
0.000024
0.000399
0.000003
-0.000000
-0.000004
0.001114
-0.000121
0.000377
0.000003
-0.000000
-0.000005
0.001115
-0.000040
0.000356
0.000002
-0.000000
-0.000003
0.001139
0.000170
0.000382
0.000003
-0.000000
-0.000006
0.001139
0.000011
0.000384
0.000003
-0.000000
-0.000006
0.001223
0.000209
0.000553
0.000005
0.000002
-0.000002
0.001129
0.000062
0.000345
0.000002
-0.000000
-0.000006
0.000124
0.000001
-0.000000
-0.000001
-0.000041
0.000001
-0.000000
-0.000001
-0.000010
0.000001
-0.000000
-0.000002
0.000128
0.000001
-0.000000
-0.000003
0.000049
0.000000
-0.000000
-0.000003
0.000051
0.000000
-0.000000
-0.000003
0.000061
0.000000
-0.000000
-0.000003
0.000055
0.000000
0.000000
-0.000003
0.000047
0.000000
-0.000000
-0.000003
0.000033
0.000000
0.000000
-0.000002
0.000041
0.000001
0.000000
-0.000002
0.000026
0.000000
0.000000
-0.000001
-0.000009
0.000000
0.000000
-0.000001
0.000017
0.000001
0.000000
-0.000001
0.000002
-0.000000
0.000000
0.000000
0.000016
0.000001
0.000000
-0.000002
0.000042
0.000001
-0.000000
-0.000002
0.000016
0.000000
0.000000
-0.000002
0.000011
0.000002
0.000000
-0.000003
0.000030
0.000001
-0.000000
-0.000001
-0.000010
0.000001
0.000000
-0.000002
0.000046
0.000000
0.000000
-0.000002
0.000041
0.000000
0.000000
-0.000001
0.000019
0.000000
0.000000
-0.000002
0.000009
0.000000
-0.000000
-0.000001
0.000036
0.000000
-0.000000
-0.000002
0.000032
0.000001
-0.000000
-0.000001
0.000016
0.000001
-0.000000
-0.000001
0.000056
0.000001
-0.000000
-0.000001
-0.000033
0.000001
-0.000000
-0.000002
0.000002
0.000000
-0.000000
-0.000002
0.000060
0.000001
-0.000000
-0.000001
0.000047
0.000000
-0.000000
-0.000001
0.000064
0.000001
-0.000000
-0.000001
0.000053
0.000001
-0.000000
-0.000001
0.000051
0.000001
-0.000000
-0.000001
0.000048
0.000001
-0.000000
-0.000001
0.000048
0.000001
-0.000000
-0.000001
0.000035
0.000001
-0.000000
-0.000001
0.000070
0.000001
0.000000
-0.000002
-0.000002
0.000001
0.000000
-0.000001
0.000023
0.000001
-0.000000
-0.000002
0.000078
0.000001
-0.000000
-0.000002
0.000020
0.000001
0.000000
-0.000002
0.000016
0.000002
-0.000000
-0.000006
0.000102
0.000001
0.000000
-0.000002
0.000038
0.000001
0.000000
-0.000002
0.000053
0.000001
0.000000
-0.000002
0.000039
0.000001
0.000000
-0.000002
-0.000016
0.000001
0.000000
-0.000001
0.000039
0.000000
-0.000000
-0.000001
0.000040
0.000000
-0.000000
-0.000001
0.000019
0.000001
0.000000
-0.000002
-0.000080
0.000001
0.000000
-0.000001
-0.000021
0.000000
0.000000
-0.000001
0.000116
0.000001
0.000000
-0.000002
0.000009
0.000001
0.000000
-0.000002
0.000147
0.000001
0.000001
-0.000003
0.000043
0.000000
-0.000000
-0.000001
0.000094
-0.000000
0.000000
0.000000
-0.000029
-0.000000
-0.000000
0.000000
-0.000006
-0.000000
0.000000
0.000001
0.000097
-0.000000
0.000000
0.000001
0.000038
-0.000000
-0.000000
0.000001
0.000039
-0.000000
-0.000000
0.000001
0.000047
-0.000000
-0.000000
0.000001
0.000043
-0.000000
-0.000000
0.000001
0.000036
-0.000000
0.000000
0.000001
0.000027
-0.000000
0.000000
0.000000
0.000032
-0.000000
0.000000
0.000001
0.000021
-0.000000
-0.000000
0.000000
-0.000005
-0.000000
0.000000
0.000000
0.000013
-0.000000
0.000000
0.000000
0.000003
0.000000
0.000000
-0.000000
0.000013
-0.000000
0.000000
0.000000
0.000033
-0.000000
-0.000000
0.000000
0.000012
-0.000000
0.000000
0.000000
0.000009
-0.000001
0.000000
0.000001
0.000023
-0.000000
0.000000
0.000000
-0.000006
-0.000000
-0.000000
0.000000
0.000035
-0.000000
0.000000
0.000000
0.000032
-0.000000
0.000000
0.000000
0.000015
-0.000000
0.000000
0.000000
0.000007
0.000000
0.000000
0.000000
0.000028
-0.000000
-0.000000
0.000000
0.000025
-0.000000
-0.000000
0.000000
0.000014
-0.000000
-0.000000
0.000000
0.000043
-0.000000
0.000000
0.000000
-0.000023
-0.000000
0.000000
0.000000
0.000002
-0.000000
-0.000000
0.000000
0.000046
-0.000000
0.000000
0.000000
0.000035
-0.000000
-0.000000
0.000000
0.000050
-0.000000
-0.000000
0.000000
0.000040
-0.000000
0.000000
0.000000
0.000039
-0.000000
0.000000
0.000000
0.000037
-0.000000
-0.000000
0.000000
0.000037
-0.000000
0.000000
0.000000
0.000028
-0.000000
-0.000000
0.000000
0.000055
-0.000000
0.000000
0.000000
0.000001
-0.000000
0.000000
0.000000
0.000018
-0.000000
-0.000000
0.000000
0.000060
-0.000000
-0.000000
0.000000
0.000017
-0.000000
0.000000
0.000000
0.000013
-0.000000
0.000000
0.000001
0.000078
-0.000000
0.000000
0.000000
0.000034
0.000000
0.000000
0.000001
0.000038
-0.000000
0.000000
0.000000
0.000028
0.000000
0.000000
0.000001
-0.000010
-0.000000
0.000000
0.000000
0.000030
-0.000000
0.000000
0.000000
0.000031
-0.000000
-0.000000
0.000000
0.000015
-0.000000
-0.000000
0.000000
-0.000058
-0.000000
0.000000
0.000000
-0.000013
-0.000000
0.000000
0.000000
0.000087
-0.000000
0.000000
0.000000
0.000007
-0.000000
0.000000
0.000000
0.000110
-0.000000
0.000001
0.000001
0.000032
-0.000000
-0.000000
-0.000000
0.000064
0.000000
0.000000
-0.000000
-0.000019
0.000000
-0.000000
-0.000000
-0.000004
0.000000
0.000000
-0.000000
0.000065
0.000000
0.000000
-0.000000
0.000026
0.000000
-0.000000
-0.000000
0.000027
0.000000
0.000000
-0.000000
0.000032
0.000000
0.000000
-0.000000
0.000030
0.000000
-0.000000
-0.000000
0.000025
0.000000
0.000000
-0.000000
0.000019
0.000000
0.000000
-0.000000
0.000023
0.000000
0.000000
-0.000000
0.000015
0.000000
0.000000
-0.000000
-0.000002
-0.000000
0.000000
-0.000000
0.000010
0.000000
0.000000
-0.000000
0.000003
-0.000000
0.000000
0.000000
0.000009
0.000000
-0.000000
-0.000000
0.000022
0.000000
0.000000
-0.000000
0.000008
-0.000000
-0.000000
-0.000000
0.000006
0.000000
0.000000
-0.000000
0.000017
0.000000
0.000000
-0.000000
-0.000003
0.000000
0.000000
-0.000000
0.000024
0.000000
0.000000
-0.000000
0.000021
0.000000
0.000000
-0.000000
0.000012
0.000000
-0.000000
-0.000000
0.000005
-0.000000
0.000000
-0.000000
0.000020
0.000000
-0.000000
-0.000000
0.000018
0.000000
0.000000
-0.000000
0.000011
-0.000000
0.000000
-0.000000
0.000029
0.000000
0.000000
-0.000000
-0.000014
0.000000
0.000000
-0.000000
0.000002
-0.000000
0.000000
-0.000000
0.000032
0.000000
-0.000000
-0.000000
0.000023
-0.000000
-0.000000
-0.000000
0.000035
0.000000
0.000000
-0.000000
0.000027
0.000000
0.000000
-0.000000
0.000027
0.000000
0.000000
-0.000000
0.000025
0.000000
0.000000
-0.000000
0.000025
0.000000
0.000000
-0.000000
0.000019
0.000000
0.000000
-0.000000
0.000038
0.000000
0.000000
-0.000000
0.000002
0.000000
0.000000
0.000000
0.000013
0.000000
0.000000
-0.000000
0.000041
0.000000
0.000000
-0.000000
0.000012
0.000000
0.000000
-0.000000
0.000009
0.000000
0.000000
-0.000000
0.000053
0.000000
0.000000
-0.000000
0.000028
0.000000
-0.000000
-0.000000
0.000022
-0.000000
0.000000
-0.000000
0.000019
0.000000
0.000000
-0.000000
-0.000005
0.000000
0.000000
-0.000000
0.000021
0.000000
0.000000
-0.000000
0.000021
0.000000
0.000000
-0.000000
0.000011
0.000000
0.000000
-0.000000
-0.000037
0.000000
0.000000
-0.000000
-0.000006
0.000000
0.000000
-0.000000
0.000058
0.000000
0.000000
-0.000000
0.000005
0.000000
0.000000
-0.000000
0.000072
0.000000
0.000000
-0.000001
0.000021
0.000000
0.000000
-0.000000
0.000033
-0.000000
0.000000
0.000000
-0.000009
-0.000000
0.000000
0.000000
-0.000002
0.000000
0.000000
0.000000
0.000032
-0.000000
0.000000
0.000000
0.000013
-0.000000
-0.000000
0.000000
0.000014
-0.000000
0.000000
0.000000
0.000016
-0.000000
0.000000
0.000000
0.000015
-0.000000
-0.000000
0.000000
0.000013
-0.000000
0.000000
0.000000
0.000010
0.000000
0.000000
0.000000
0.000012
-0.000000
0.000000
0.000000
0.000008
-0.000000
0.000000
0.000000
-0.000001
0.000000
-0.000000
0.000000
0.000005
-0.000000
0.000000
0.000000
0.000002
0.000000
0.000000
-0.000000
0.000005
-0.000000
0.000000
0.000000
0.000012
0.000000
0.000000
0.000000
0.000004
-0.000000
-0.000000
0.000000
0.000004
-0.000000
-0.000000
0.000000
0.000009
-0.000000
0.000000
0.000000
-0.000001
0.000000
0.000000
0.000000
0.000012
0.000000
0.000000
0.000000
0.000011
-0.000000
0.000000
0.000000
0.000006
0.000000
0.000000
0.000000
0.000003
-0.000000
0.000000
0.000000
0.000010
0.000000
-0.000000
0.000000
0.000009
-0.000000
0.000000
0.000000
0.000006
-0.000000
-0.000000
0.000000
0.000015
-0.000000
0.000000
0.000000
-0.000007
-0.000000
0.000000
0.000000
0.000001
-0.000000
0.000000
0.000000
0.000016
-0.000000
0.000000
0.000000
0.000012
-0.000000
0.000000
-0.000000
0.000017
-0.000000
0.000000
0.000000
0.000014
-0.000000
0.000000
0.000000
0.000013
-0.000000
-0.000000
0.000000
0.000013
-0.000000
0.000000
0.000000
0.000013
-0.000000
-0.000000
0.000000
0.000010
-0.000000
0.000000
0.000000
0.000019
-0.000000
0.000000
0.000000
0.000002
0.000000
0.000000
0.000000
0.000007
-0.000000
0.000000
0.000000
0.000021
0.000000
0.000000
0.000000
0.000006
-0.000000
0.000000
-0.000000
0.000005
-0.000000
0.000000
0.000000
0.000027
-0.000000
0.000000
0.000000
0.000015
0.000000
0.000000
-0.000000
0.000011
-0.000000
0.000000
-0.000000
0.000009
0.000000
0.000000
0.000000
-0.000002
0.000000
0.000000
0.000000
0.000011
-0.000000
-0.000000
0.000000
0.000011
-0.000000
0.000000
0.000000
0.000006
-0.000000
0.000000
0.000000
-0.000018
-0.000000
0.000000
0.000000
-0.000002
-0.000000
0.000000
-0.000000
0.000029
-0.000000
0.000000
0.000000
0.000003
-0.000000
0.000000
0.000000
0.000036
-0.000000
0.000000
-0.000000
0.000010
-0.000000
0.000000
-0.000000
