0.004383
0.002736
0.002621
0.002708
0.002112
0.002381
-0.000728
0.001613
0.000394
0.000806
-0.000494
0.000340
0.001405
-0.002100
0.001444
0.001534
0.009611
0.016419
0.001564
0.010857
-0.016838
0.001616
-0.000929
0.000295
-0.001211
0.000668
0.000433
0.001377
-0.000045
0.002015
0.000438
0.002262
-0.001100
-0.001885
0.002274
-0.000999
0.001497
0.011650
-0.021517
0.001434
0.014894
0.021875
0.001755
0.142064
0.015559
0.001961
0.278809
0.012811
0.002091
0.382297
0.008622
0.002168
0.440153
0.003336
0.002172
0.444405
-0.002507
0.002106
0.392696
-0.008251
0.001968
0.289845
-0.012983
0.001754
0.149904
-0.015966
0.014555
0.144473
0.018623
0.014044
0.279811
0.012319
0.013461
0.382300
0.015193
0.012178
0.440815
0.006922
0.010400
0.447780
-0.001703
0.008053
0.395058
-0.008321
0.005691
0.290095
-0.006658
0.003169
0.151560
-0.016958
0.001613
0.191169
0.020656
0.001735
0.371332
0.016743
0.001842
0.504518
0.010861
0.001862
0.574163
0.003556
0.001869
0.571247
-0.004039
0.001875
0.499220
-0.010881
0.001806
0.367386
-0.016489
0.001672
0.190102
-0.020303
0.012978
0.193268
0.022038
0.012628
0.372097
0.017639
0.012015
0.506757
0.011248
0.010937
0.576582
0.005589
0.009406
0.572297
-0.001737
0.007394
0.500018
-0.007237
0.005076
0.368063
-0.015063
0.002656
0.192673
-0.014510
