40.254860
32.628645
40.832262
18.939912
33.885770
4.111088
25.937116
41.313711
6.083949
36.899242
29.432845
3.118866
5.192187
14.416528
15.686405
48.110236
33.775932
6.987686
34.128417
7.176674
8.197453
2.731837
27.232996
31.694132
40.069044
43.790412
5.403222
12.593668
11.856555
45.053939
24.329304
44.470675
37.420619
45.658894
34.758892
9.749532
20.721620
5.969453
35.719347
13.572653
34.616742
43.176984
24.893248
4.073782
49.396824
39.276169
24.091347
20.210194
40.196955
22.086183
45.699459
37.339211
7.109738
38.685028
38.197700
18.400168
3.954290
36.635303
49.285344
17.275471
39.348550
29.024323
9.367504
42.847444
40.137715
44.979616
1.702425
36.241624
21.519616
40.082207
18.973386
28.372718
29.004760
21.169904
38.470265
11.968553
7.100400
41.996089
10.840679
42.031672
31.694355
8.870153
30.833880
44.040850
31.173705
48.535670
3.210625
38.036170
20.725335
2.655724
3.048721
13.910157
49.520242
30.759487
9.764389
37.377796
34.533644
38.351204
39.754363
36.471025
30.596573
29.100455
47.408297
5.719090
31.237894
23.397778
37.883027
5.953063
33.506795
40.433701
49.132539
29.106509
37.811106
3.021325
31.848852
7.729079
27.589553
9.406825
29.558370
27.498921
30.263141
9.894398
18.974635
49.638485
22.332842
25.248421
38.040356
21.130913
3.549166
27.051771
4.923332
7.370370
25.743957
4.715671
42.651178
9.200954
7.917211
34.450981
35.724875
19.490018
1.036108
19.498532
45.180923
38.386562
29.411210
22.109567
28.444534
4.161076
37.797102
4.517257
1.768766
37.172495
7.240525
34.270811
34.331358
44.728586
5.192950
8.207256
42.845180
11.567756
21.191236
26.503839
36.185308
18.292607
25.752267
47.604996
2.524410
49.458996
47.528991
5.890932
6.811237
48.030221
21.109026
1.007840
34.504170
42.794717
35.359251
37.053603
4.193000
46.595268
5.585745
24.820139
4.747423
1.292901
14.373080
49.539419
44.758616
12.385917
33.932334
11.698454
28.930898
14.629687
14.942651
30.608281
2.814505
29.660205
29.732438
9.872252
10.424888
9.089562
7.135251
25.767831
43.304834
47.041089
45.225271
21.312040
38.583764
37.050916
18.118316
20.784699
27.580528
17.153400
33.914259
23.303588
46.831942
22.826631
31.275465
12.069317
43.121161
43.783720
38.919480
49.301589
39.210602
20.992007
2.264252
49.651129
30.366668
8.775571
30.587737
47.820620
20.598142
40.924180
41.290469
48.038213
26.710915
17.496543
46.094545
23.058425
30.369770
5.209206
15.251140
39.581334
18.274943
49.539224
20.244620
28.864976
7.077598
46.748875
33.409614
43.158810
3.123783
11.923590
45.885807
15.484499
25.872988
15.173609
11.396397
47.769387
36.231425
27.467588
1.527636
27.184410
46.758527
35.807815
37.037144
1.651770
7.089794
3.556687
43.954763
10.622936
30.962025
19.824197
12.534882
13.457767
43.873936
10.263687
27.175978
22.327110
20.175933
8.459820
48.560607
31.944077
48.701203
8.154579
49.602994
7.204002
7.076935
16.546310
45.916446
44.021618
15.883608
29.457632
39.716636
10.367292
16.557760
48.578297
32.810398
22.531340
9.994468
40.635457
41.875267
38.081573
9.780471
47.269584
25.099622
29.116918
6.207863
16.248690
19.287153
45.941213
42.394473
26.915069
1.169129
2.072659
14.533698
4.429723
40.354587
22.331871
34.703534
34.194312
31.320677
24.030291
7.002975
44.068391
39.222348
32.431207
11.250843
24.065224
16.678726
23.215911
1.212863
41.541364
21.009751
16.005438
40.016799
16.643594
6.211019
48.779884
12.868802
22.090451
18.352326
7.511624
10.671508
19.217108
43.648412
41.156429
20.811459
29.955559
9.280715
7.198456
46.734784
12.887813
23.341211
36.060880
33.004886
9.013369
6.009644
47.193975
8.722190
47.854989
43.208728
6.687517
1.139248
20.596183
4.727280
1.994738
34.779559
9.595787
32.817404
6.442577
39.001564
35.951409
8.068031
1.667154
31.560603
9.099298
21.487822
23.613956
40.472419
49.579245
5.213948
28.444285
8.511411
48.437761
6.984809
22.001336
18.206856
29.808531
9.636891
8.347606
31.563585
20.624067
20.979816
47.062929
37.768946
33.929366
9.897104
30.214698
4.372075
34.831990
33.563430
41.359618
13.883784
11.268071
48.949145
42.815487
20.057893
39.834117
34.485545
12.925441
2.980677
17.347183
20.131661
23.672827
1.252472
41.165633
5.720219
30.076451
20.857390
8.132066
11.778058
4.345885
12.669132
10.386548
23.231232
39.889219
17.379833
34.921857
4.597702
33.694708
10.656051
1.851215
31.598990
24.651441
38.672850
41.374910
42.405515
45.987601
44.824121
38.224274
3.308948
30.626569
28.753144
40.199581
1.266514
26.068096
37.491683
18.086632
22.807249
29.986110
44.311426
42.953431
7.026507
4.683953
3.441584
11.870532
36.788600
3.246149
49.040752
41.325812
11.096207
14.812015
16.949961
10.728824
2.707488
21.540517
6.267873
18.582820
24.740051
16.310521
27.358134
34.042851
8.817590
28.101176
26.804826
10.623621
43.561296
13.715378
48.063853
27.261125
19.078385
26.838101
36.751874
44.499334
37.343834
5.538022
42.753965
1.392039
9.322770
5.228740
35.288465
39.189501
31.295793
47.532026
3.687049
2.274080
43.380229
43.260773
45.861619
16.587060
5.298686
36.368151
21.256016
9.152116
48.805997
24.270977
46.812871
11.958504
3.337756
24.990149
43.208641
44.563647
1.641382
26.597058
48.462763
25.911381
34.489478
5.575924
15.616167
17.645398
11.649787
4.990457
18.991243
20.773817
20.048196
48.732983
29.491946
11.735137
31.991695
38.609435
34.347310
33.189413
42.796630
17.972504
47.476207
45.721433
11.751713
18.720604
4.484772
6.412567
27.588500
15.690845
21.035119
2.475038
8.080878
31.904703
30.160032
49.615294
15.930743
32.304307
25.391405
19.396597
45.976857
2.125764
10.832251
34.479996
44.936206
26.026993
39.767570
37.615474
37.273439
3.485197
46.552243
23.968535
48.161227
44.930107
14.734977
4.799861
24.303186
19.681958
28.026104
8.076037
48.470473
26.245571
27.439289
31.109659
11.970393
19.218763
5.127175
48.038812
34.713980
2.442947
16.946224
11.280527
21.464470
30.968986
38.109770
8.669621
25.580611
26.938402
37.705763
14.283195
29.080260
49.006089
28.275825
23.289255
21.177710
35.505290
46.024657
46.423712
19.855573
39.436462
27.664839
10.817369
3.697850
8.076348
5.020897
38.856399
3.736652
29.769211
7.925544
5.410040
38.330457
32.729798
37.017963
27.772549
40.352121
16.107664
38.649239
21.656945
41.176159
23.527257
5.482531
49.488393
18.933036
1.471426
2.981449
49.965732
22.273978
7.732362
40.234034
4.221059
6.407989
16.711970
11.839789
4.852423
9.447668
35.453319
47.595801
17.684653
45.602350
26.084706
26.800645
20.080590
26.297459
3.203848
45.059394
37.474110
48.617586
47.349252
34.283624
25.069427
39.828385
43.907119
6.235549
16.790528
18.277877
10.787092
33.023940
6.870078
42.819647
35.699683
42.926252
33.257998
17.213752
14.477542
9.837369
29.316397
46.178342
21.616920
42.041863
34.768011
24.988519
35.791655
39.069484
18.193472
38.076838
35.576583
39.404714
3.917917
9.946513
4.714341
22.530145
41.604606
48.421447
9.001842
36.263554
3.715450
18.314700
2.336120
22.021016
31.721865
48.772831
22.153300
36.757117
42.197962
8.478290
2.325282
42.458030
2.443258
14.642038
21.360807
46.099552
19.287625
30.165552
7.587925
24.088926
11.906231
16.489130
26.948917
34.056778
11.790064
9.759755
18.425148
3.648422
47.099030
26.241610
47.797006
16.291926
1.985527
15.698469
15.311509
17.836312
44.011206
16.403742
5.147068
21.353418
26.281835
2.624120
40.982983
38.478047
19.230385
42.057603
18.618017
48.276546
31.069841
38.637833
19.399228
23.453234
13.549984
38.813553
34.852749
40.637878
2.038706
7.386570
36.407150
16.867836
24.050445
1.526734
13.381498
34.331060
37.499962
25.054975
16.332996
47.720370
32.421400
12.494234
7.176359
25.510803
25.219051
12.170978
22.517482
26.966007
21.437527
27.750263
43.505847
42.236531
39.955520
18.913495
10.172773
43.594298
10.783776
9.282010
47.298375
8.002534
9.506045
24.886206
25.558223
43.385078
17.867455
9.883894
45.582539
41.078482
42.807198
32.593743
44.502831
13.843465
45.671901
25.479326
18.581882
36.591314
24.711640
19.402186
17.389913
5.761142
41.026502
38.097844
25.569628
40.201356
3.406029
27.490587
4.131041
34.343548
45.802307
37.362203
16.340148
30.442391
15.607259
49.408209
9.717557
41.749014
21.640086
42.125550
14.241753
19.400938
17.984374
34.676472
11.897859
43.868556
47.411002
35.078099
44.627999
43.300565
35.931663
15.612972
40.839305
16.012124
47.382243
26.152152
25.392012
1.686059
13.126525
20.969985
40.784489
12.980656
2.492974
35.852536
25.166585
15.882806
29.023444
9.050566
44.894706
7.297651
3.965086
1.677341
12.415530
27.508531
15.210971
26.844085
40.521132
48.051993
37.479482
4.664250
29.986937
43.387045
9.856513
32.839395
27.960609
32.954029
6.995936
1.672931
1.429086
1.814127
10.497959
19.767700
49.740044
13.411334
31.867122
18.981170
41.675050
28.893103
41.424816
13.528930
24.762962
44.856820
25.796872
31.659465
38.414806
32.433299
2.679737
17.149153
38.010142
21.198386
43.913830
22.640500
18.162915
27.123496
49.840036
40.259718
41.978846
8.176544
21.574935
34.410452
34.240079
25.395940
25.205508
11.051491
47.298679
30.869301
15.948622
40.953262
6.106192
11.044515
41.938342
45.013306
48.898149
1.597670
32.145239
42.990900
26.780167
7.989654
26.354336
37.894541
15.493985
45.838536
1.154555
30.492405
26.296685
26.905558
14.557921
29.188082
46.253282
24.096711
19.419796
19.573017
36.630496
1.157237
36.275619
37.260386
25.572920
10.876941
34.524111
42.375582
2.455569
35.054862
16.816614
2.605020
24.149273
44.117149
27.228436
19.404116
13.935399
14.575427
19.215719
16.582947
4.505708
46.657934
11.425187
20.506607
6.022406
46.877825
11.729507
26.733248
42.505681
31.670818
7.015978
35.268875
41.460078
15.946834
11.131449
41.057915
39.297823
19.605958
11.027362
45.722784
27.255699
48.444445
19.697422
11.636899
13.018497
19.930676
28.513678
45.960444
32.356029
31.542780
47.149625
38.028804
33.510803
22.837010
38.098161
21.669009
19.056655
12.058779
8.623177
25.232378
27.602968
41.899506
17.542078
14.425135
49.716974
12.572584
5.169785
45.173033
49.479929
42.065115
43.332139
47.457695
41.663147
41.874240
22.092268
43.599057
6.060051
45.431817
33.974395
38.494246
4.890024
23.532687
48.979471
28.074637
20.788487
35.403364
33.669607
2.611477
1.594306
1.123804
30.053332
49.114877
11.946980
11.368660
1.358121
23.495949
4.336685
25.751009
5.851466
13.456530
42.731409
42.284549
10.915437
6.193997
38.942549
2.274823
25.148671
5.132451
48.795170
7.919532
43.722783
31.069936
1.647711
6.688453
38.084213
8.499430
34.945561
24.385359
6.862718
26.307632
41.908927
11.458717
45.722919
49.677050
49.869976
32.382971
17.935971
48.083750
10.531753
5.645860
25.086784
48.510239
10.005881
41.829140
2.412067
28.499114
29.467682
8.720943
5.976807
27.036893
46.677000
26.148023
26.902902
31.930019
23.960963
28.172316
1.402280
12.438930
28.744144
11.148620
2.063634
45.474700
43.853815
1.833373
9.307684
46.299641
42.348207
28.681396
46.360625
45.388824
24.040548
4.244356
49.183979
31.282069
34.887326
36.142548
46.398587
28.499344
34.950298
4.084805
10.851172
8.106289
10.901054
3.487990
6.241620
34.337482
46.030358
24.920916
28.904574
37.442519
44.550182
13.548156
14.593960
24.447911
31.099907
36.269166
45.609225
9.887055
19.554911
49.738743
28.806660
22.283917
45.332947
34.888166
49.626496
34.356481
5.568565
14.852399
26.819236
29.606996
1.679158
22.865394
31.521351
40.424138
17.910014
31.509965
28.868203
16.923165
48.739869
4.379865
40.412778
13.189691
46.975729
22.178498
1.850399
10.159866
36.482581
26.462787
42.174452
13.610314
39.180515
49.684123
8.286529
11.074500
38.273586
41.132432
31.830943
33.187642
15.594421
13.514406
9.421080
10.988030
32.831030
35.768328
45.566126
2.121326
38.191419
7.996195
14.344570
2.839315
3.352299
25.075497
11.716609
49.587872
36.171600
34.298188
17.342172
2.463729
3.578191
22.562317
11.801900
3.840618
26.095501
29.984416
41.344577
23.985479
23.413005
35.024379
44.295006
28.930346
26.471756
38.896647
36.677500
46.774653
39.937973
21.503142
43.672255
23.735031
21.745244
46.774058
35.241309
21.027271
16.936507
11.242013
23.803852
16.102271
17.371435
1.657374
1.173367
16.701784
36.160264
1.534907
16.122845
27.117949
20.853430
37.761803
10.016570
9.919760
4.507817
45.468158
35.649476
12.196121
3.916217
33.376721
33.187740
27.508650
31.394757
7.512838
13.945151
7.978986
10.365956
37.208283
34.554018
33.045620
39.857043
31.409927
46.969458
48.685668
37.694710
47.432165
35.100707
4.583705
25.105723
39.594166
31.534439
45.769727
26.818230
19.962693
21.866110
27.944640
22.002976
8.908247
13.349480
34.419374
41.273181
45.625731
4.667168
32.019529
41.434247
26.701828
33.807237
35.421631
32.403342
40.342130
49.920288
27.803476
47.962080
19.577820
34.216840
6.691022
19.227574
20.579101
32.655572
31.662972
45.783538
15.922709
49.416383
43.464923
44.727470
34.860270
18.910001
49.595313
33.541877
26.061636
40.703457
17.991452
48.706149
7.970507
40.730035
26.315380
4.469879
38.049440
1.285257
28.016572
35.107732
17.551806
48.215823
33.457988
44.306922
33.219576
24.292601
20.552534
25.556274
24.477656
28.523650
47.608662
25.110798
5.169032
12.462216
37.979012
3.028629
6.531185
26.803437
27.508966
27.222430
3.173810
19.368001
33.645728
44.196610
17.380230
16.525641
47.428319
18.058275
10.831258
21.612659
37.679957
45.773606
30.764799
6.734928
33.538533
2.527184
12.661030
37.986685
31.288700
17.026999
16.407840
13.608240
31.328860
28.206934
27.855189
22.540047
15.671146
12.703720
20.076391
26.048164
39.462350
20.853828
29.236370
5.578551
47.526804
35.175541
11.485709
47.054011
15.575073
37.154140
19.038115
32.690059
15.162032
2.819950
16.228975
29.835658
24.106886
49.511050
18.907980
3.499098
41.654072
28.599655
9.191993
11.038978
31.360462
28.651076
39.907295
26.575980
40.757079
38.428159
45.191304
14.187561
21.793948
40.971422
19.346714
35.448082
3.397960
17.712410
4.642379
10.152606
16.106645
8.959215
23.149292
26.813399
35.402822
2.411688
5.888984
17.973116
32.825207
19.224551
16.949947
11.604133
49.873517
46.077607
2.031672
21.826344
17.407460
20.397648
31.783054
27.247943
36.783638
1.075203
25.073305
8.488033
46.089458
44.738892
25.819513
15.578046
45.097755
37.101153
36.499639
1.251667
28.982655
18.009100
36.473855
8.770353
12.731436
7.066840
43.648346
5.291243
20.777182
29.636405
29.763907
19.638062
28.082146
3.326858
12.302705
25.328481
34.399833
32.468604
28.293238
18.921688
42.131473
30.756306
26.530982
36.356094
7.832704
2.406287
20.649945
45.213172
19.199030
24.612249
46.507217
48.716796
17.331429
19.802187
21.545105
28.271484
13.989457
18.721299
12.351730
39.059389
2.797838
25.995574
23.875459
42.141895
32.000316
36.999670
23.715269
42.793505
18.591526
34.663823
3.908864
32.896535
20.395401
4.671116
1.979267
44.135016
42.563109
10.583271
33.685319
31.369506
27.286543
23.820303
17.576712
6.956749
37.360198
31.556831
23.167963
28.159121
1.185327
48.465436
16.597756
11.138245
26.999053
35.213380
16.803037
47.397181
41.226561
34.441533
27.669943
32.158395
25.741379
34.040204
23.332315
26.144961
6.074837
47.288349
38.788274
45.251874
16.782664
6.988336
26.323423
3.331028
15.702268
29.204973
46.944070
28.945536
13.276008
29.137273
33.717143
3.524796
39.987859
40.107185
23.501315
13.740439
13.122580
18.056411
31.833958
33.214713
28.092352
14.922272
49.161487
12.837455
43.750367
8.584788
11.567165
40.906485
31.433866
48.046153
6.095054
3.352666
9.866184
36.470642
28.688627
31.312993
17.487123
30.743352
17.565095
48.570589
2.840368
15.000670
6.246331
20.063586
32.260693
41.943876
13.918379
1.487346
45.635883
29.182344
28.696472
1.971333
17.165900
2.108811
24.533777
28.811304
12.846948
32.280665
44.877270
7.396163
27.193118
4.167834
41.440677
42.041303
30.019372
43.928307
11.613508
21.734655
1.443951
2.612524
9.429656
33.225570
25.394839
43.988597
3.695320
1.021848
6.720543
2.895091
29.508834
45.114664
20.511804
6.861426
28.519286
14.383343
19.253060
23.785440
26.014057
2.892881
4.123813
9.106041
41.773995
25.460372
27.532871
34.248681
38.746382
32.317672
12.922357
26.724204
27.895874
36.585541
31.254212
26.110371
20.132486
17.519740
17.967923
49.839689
40.955567
14.141780
34.370583
33.467840
11.665034
49.288814
35.689354
39.020387
26.110295
44.183195
19.557330
15.859969
30.077106
25.829878
26.998185
6.257560
13.850789
5.038065
9.378307
37.666924
16.934862
43.438564
47.400949
20.599696
3.314075
28.854478
26.016003
5.467570
44.168256
12.999751
20.337362
29.741263
24.664457
18.296879
9.524658
5.986393
12.331464
26.941441
5.070806
25.418938
36.058928
10.997535
29.278040
13.663544
46.075259
16.563612
24.886511
19.942329
7.029362
13.404003
20.325726
10.902845
28.354722
46.505063
4.051693
49.615054
36.128358
21.335443
31.825144
27.324415
44.824991
14.117850
42.256288
1.073783
23.305819
30.895596
43.249332
15.410086
2.998524
37.124344
11.185774
1.783145
46.546675
35.104630
37.574170
7.420523
19.098363
13.406858
36.744624
48.740665
22.926467
33.515272
12.381068
12.545109
25.111627
40.562419
6.268295
45.654870
11.616848
24.703172
33.399821
22.781413
39.457674
13.316890
31.228879
27.732096
21.889589
14.863661
1.521168
17.574538
12.553982
17.368158
35.533773
35.019399
15.805673
34.828591
29.099367
19.709990
27.777823
28.835367
2.700514
9.485720
38.488787
37.396564
47.246547
33.393831
27.896236
27.792686
18.054430
34.625923
6.055664
4.382620
47.928798
10.959147
49.835305
27.985479
32.269102
17.090380
13.062685
14.709173
49.666368
4.421527
12.645624
20.474906
15.770777
14.611981
34.729014
45.111981
34.128288
28.500378
40.768359
10.634921
33.746090
24.859205
45.392244
22.636204
16.339267
45.726955
14.974331
36.728039
13.135825
24.651371
35.851451
31.325236
9.499098
10.173472
32.349808
6.766526
39.920278
19.574779
1.231384
30.114658
38.866941
11.780167
26.366506
22.870418
7.533644
40.272244
26.229874
40.392331
34.259255
4.269517
3.793560
14.819031
23.026186
4.339741
13.135120
9.566577
29.099094
33.222317
5.941083
16.844375
8.568577
24.883775
29.509053
32.630920
24.142776
25.718712
7.538651
4.320990
10.514767
9.195603
17.818155
46.696707
45.329595
44.497568
38.894460
49.516431
38.471614
26.848108
46.428432
26.690826
36.934570
17.480107
7.282149
44.630589
27.982801
42.560209
22.652129
35.248174
19.095205
18.327724
39.565463
1.498050
48.700332
19.384938
18.866294
4.676835
1.199392
23.360216
19.699711
11.275017
18.697648
3.329807
43.106835
3.978001
30.852695
12.207594
24.931176
1.373015
9.117930
24.442610
25.155355
49.779925
49.710908
18.489651
46.310136
10.661849
34.894217
41.859316
32.023044
10.268167
6.464016
6.390063
44.617994
42.581518
9.393464
8.543115
33.712842
20.613140
27.942562
8.405318
3.897315
43.382797
25.403975
41.920976
16.992266
43.763643
4.097794
30.322244
2.614197
45.794594
28.120796
42.350514
9.564945
16.780815
14.361669
30.433271
16.379285
12.932105
20.100778
9.491714
20.710677
24.659642
32.782964
47.601299
26.332441
1.587829
34.637363
3.894430
11.046729
34.907384
43.877487
9.686695
1.764923
23.390763
45.945257
31.272991
41.931080
15.633307
46.445545
16.381683
46.735353
7.338941
19.596046
39.138833
1.847552
15.335151
17.904379
1.275983
43.770721
35.788771
42.112916
19.777304
44.564738
1.409037
49.731955
17.468608
3.840935
32.434212
14.440368
34.121584
37.108865
9.412053
14.652750
47.833343
32.223868
45.805810
43.889108
4.508082
5.575587
29.605127
13.462847
1.157255
46.539792
41.256498
42.871732
12.402008
42.770449
8.629715
47.035782
14.167742
12.391139
16.052478
13.736699
38.136066
47.509340
27.238758
35.401800
39.881560
29.207970
35.339347
13.945539
31.651480
25.654452
28.666386
26.165510
36.096162
44.930055
10.935630
38.881360
46.658072
40.992693
20.178427
28.851164
10.574714
43.216848
19.986027
14.466858
17.862402
47.454370
10.283562
16.824572
10.557184
11.788450
33.360870
41.387565
11.358601
12.144114
39.878023
33.131415
12.569919
36.474693
49.930554
16.366209
38.626326
33.667967
7.953945
40.755845
38.351385
35.225552
49.857911
8.572692
33.066522
21.198049
25.115415
40.332712
35.861079
48.263777
47.420584
24.675684
19.623052
26.884479
48.454526
3.236752
12.278505
29.240295
32.079076
43.954655
8.073241
36.310606
27.767573
27.942252
7.984587
34.334188
19.331270
45.620255
29.810046
26.783107
17.191441
19.547502
41.114194
15.144389
39.288823
13.559204
23.411272
12.801469
39.350140
26.492261
28.837073
38.608248
43.151522
24.217212
26.688217
8.328376
41.381629
29.775659
20.783947
23.341010
18.152139
2.825226
42.486038
10.289806
6.671916
31.127688
49.790660
1.887383
11.028335
22.175868
23.714717
6.254332
18.677885
36.036411
4.323144
48.206686
39.482832
22.495258
34.360256
38.498108
9.227168
22.740936
29.818590
37.721724
20.666062
23.867421
12.785082
39.348834
33.050048
2.099377
16.688703
17.568725
47.258386
33.858879
7.619819
15.579229
47.646089
40.224996
8.230269
32.319045
14.345796
44.055956
21.293390
12.595574
19.947303
47.142747
28.620505
35.472541
48.762601
13.755744
31.007239
9.919818
19.948254
40.305068
6.164615
40.327004
29.673248
16.076522
2.648291
8.833326
44.953845
9.269103
44.602874
18.255898
18.953650
30.083950
32.874420
21.332705
13.239795
40.196730
43.454606
29.509669
3.956467
39.822602
41.529954
13.215321
41.203942
44.319586
2.677586
40.247449
38.423244
35.126203
15.591286
19.351853
6.714912
20.028113
38.647366
33.515591
28.453478
30.013478
5.001051
38.051872
49.974136
12.833076
27.421240
10.052579
23.881382
30.621637
21.297210
21.431299
41.726168
2.165950
11.461568
6.331682
21.776862
21.760681
14.489570
41.296488
42.241300
47.792605
34.565173
8.883072
10.201485
8.852535
22.346728
24.344815
17.114679
47.922486
49.565305
34.264889
19.713075
9.532119
26.710971
36.362669
39.883065
26.554994
21.567434
12.284795
20.582132
34.516337
44.755423
39.830578
29.081242
6.132221
33.191368
29.599711
49.295570
12.561070
16.951712
23.131523
16.318560
21.039904
4.343272
29.741232
4.090182
26.226530
47.026279
23.974301
7.565994
6.989296
21.152198
39.482326
21.236787
13.160087
26.156274
17.182687
31.245788
13.422567
2.862624
10.904395
38.250455
36.267093
16.387534
17.859690
2.905882
17.944606
22.312511
22.181420
7.732483
4.357640
8.424220
21.600514
16.728577
22.704656
29.300838
2.560611
16.507919
9.815213
36.285125
8.771305
44.731236
17.641757
4.387881
13.507725
14.129494
18.294616
45.904021
26.719382
47.538578
5.193592
37.048671
37.388959
34.876090
1.221136
7.092810
16.588055
12.534281
28.929219
38.840191
46.440808
40.465817
40.693874
1.779734
33.296556
44.821018
44.315721
13.770788
37.662648
6.993459
4.122708
28.631392
41.306599
19.858875
36.258104
35.643970
37.669011
42.375303
29.246105
37.978958
39.322893
40.243863
12.223699
48.599292
6.850466
35.601050
26.500726
12.387347
11.295337
32.678147
23.142161
47.266092
33.128270
34.643304
29.931605
39.859190
4.768393
19.136314
23.308485
39.179807
8.592029
6.937041
12.784688
43.251956
13.528897
36.516529
35.981113
49.879894
21.177444
13.695935
2.684560
6.751960
35.365396
27.366172
1.961874
8.125490
34.529083
12.302075
1.158733
27.219667
26.920931
43.911172
48.497347
15.601250
24.605075
48.840682
1.981980
6.078017
42.202849
35.047643
36.642282
49.856109
3.657277
17.417705
4.874003
30.831582
39.825055
15.815152
25.531461
40.836194
41.040337
32.462461
37.786269
36.916156
32.214926
28.829929
40.796094
16.830067
32.704978
35.632259
7.821188
29.028716
4.081549
16.378172
3.261217
33.994764
42.009250
31.160587
21.397268
8.433984
40.219879
29.790257
27.724423
34.371127
16.726806
4.146971
26.074652
2.428993
34.851026
35.084025
41.289278
21.108066
4.336946
45.568207
25.774060
38.508860
2.894653
26.918745
47.960445
34.770561
19.458448
8.310946
27.231526
28.292149
43.996670
21.598622
40.360779
43.852293
7.107734
30.744138
22.093934
26.502997
15.232609
28.203984
38.556688
33.037323
7.495677
45.764582
45.748163
10.160462
3.050584
44.179197
43.272260
6.827754
4.931678
14.349143
4.514126
48.329464
20.462434
43.836772
12.118802
2.856755
3.113099
32.534489
32.579344
1.241946
2.015455
32.273719
39.560185
15.060446
42.296649
41.861441
30.271104
9.726077
36.058574
13.071184
23.560719
22.640663
46.835337
24.791467
31.982243
4.127485
16.404823
38.803136
43.174196
4.130019
49.755662
29.169468
25.675868
15.651706
27.352485
43.222238
30.348349
24.092020
45.464557
30.037525
34.359270
26.903666
5.948431
15.585229
37.301412
11.410864
22.318130
41.285847
47.950396
44.786757
18.751640
22.254122
30.522727
30.945452
35.468800
28.596017
5.018825
14.618863
46.156217
6.002727
19.226363
41.827550
46.489796
48.677409
42.913745
41.622180
48.471250
33.743977
22.273328
6.160317
18.347865
31.773787
16.961201
21.549520
3.709717
1.550551
30.170574
23.276974
36.339441
39.130921
5.020477
2.766064
30.148674
40.327818
34.965343
34.669461
27.386262
3.567929
11.021744
5.385368
11.717419
6.673343
21.989117
25.504995
10.212287
6.866128
18.297692
45.531047
37.547779
11.545887
35.721102
17.679496
46.773466
31.728206
10.775788
6.830810
3.406343
30.552232
18.816928
22.147219
16.193227
20.999698
25.392213
28.456746
15.815879
23.067377
8.077232
32.522579
14.432951
25.412373
27.262516
36.091984
13.729486
14.200335
16.352855
29.561500
23.799014
12.365304
25.020923
40.738536
42.357631
7.317620
14.986537
7.854179
4.582114
49.984480
5.592757
25.308746
6.005929
17.960839
36.926019
44.519547
48.159373
42.575916
37.796323
18.002026
13.325314
22.091731
13.650698
30.779144
37.588533
47.090350
40.430499
34.079145
3.413315
42.722074
5.269807
18.679502
41.801661
27.016701
38.255534
3.984739
1.737422
22.223472
6.060466
47.762885
37.584682
4.661455
2.281172
25.347015
12.209959
16.239979
12.984311
44.238821
26.906092
49.107249
10.696650
1.002887
4.993577
21.371646
7.785742
23.017162
49.874048
22.637539
22.025062
6.488139
34.505396
36.394166
30.240236
22.270399
25.467177
45.912961
33.216880
47.568981
10.260420
46.552880
16.085615
8.404109
46.292576
26.641478
42.710505
1.505477
45.445312
6.361754
17.644606
38.018994
4.416364
8.684194
44.995853
42.434055
42.020596
38.396489
36.829788
20.850479
28.978772
24.526769
15.625274
37.954319
28.225724
37.433643
25.028815
13.957562
41.561575
31.755412
18.892348
7.501221
14.450770
2.566842
47.329260
18.517997
6.493110
49.334333
7.305484
1.532321
16.291708
36.114964
36.827070
49.650230
26.233393
47.097980
12.492115
34.465015
30.859002
36.191461
13.555967
49.272442
28.889153
25.326093
4.753308
15.598857
41.497087
16.742708
23.323351
46.790031
27.955510
13.983368
22.133705
29.832575
30.372783
37.817539
25.970416
10.492511
2.016517
8.229699
4.998632
29.674268
37.660101
26.636501
40.342105
6.766075
13.241781
16.989832
27.261996
39.375250
13.488443
33.437456
48.076588
21.633414
17.355883
20.102576
8.325415
34.370144
21.381002
13.289380
19.090172
47.103982
33.817540
1.424619
47.883016
48.636450
28.408260
32.212878
34.667752
30.322564
21.096934
18.360713
26.541438
28.918168
10.278520
48.223753
37.025743
20.056076
22.650550
41.173352
6.193469
38.823093
1.462238
10.335255
47.259876
19.040837
34.211801
18.509389
39.373185
9.463536
10.318639
25.313873
44.298371
49.854438
6.505361
41.318819
24.423518
3.751498
3.843309
42.752714
41.835541
3.593200
32.230373
46.113876
24.771114
20.699897
11.959747
34.896027
11.971069
40.981650
11.402227
26.966136
28.006108
26.648776
11.983625
15.181030
47.598071
8.925484
26.486420
13.018571
24.969906
42.996931
33.843717
43.317871
26.928294
46.425916
44.917758
7.545498
7.719398
46.167935
30.740215
37.933881
18.529036
41.512561
26.252292
3.090295
7.944884
34.000955
21.491289
33.241242
11.723414
10.700748
9.698733
12.644151
32.885278
21.169364
1.358613
19.620704
20.316415
45.511225
38.371647
33.690515
42.754438
14.848658
18.503595
22.665150
14.076319
16.773830
16.426559
20.019919
49.855039
2.010924
45.682986
6.986038
40.175877
29.147917
35.056029
12.422726
19.122836
39.471229
1.673574
42.939204
28.017724
18.611060
28.257069
12.112695
45.876528
2.468430
2.156217
46.600308
13.862212
6.593816
31.651478
36.495295
24.243651
48.990776
10.362434
5.946212
44.553448
18.348303
20.381223
8.425688
42.353524
7.265427
48.293536
47.267754
47.464406
5.043640
3.745024
28.853375
23.247170
31.520104
46.473394
25.641490
2.732135
39.123304
43.698580
7.447858
49.975796
19.631748
4.396439
11.573759
23.496134
32.722392
10.977115
29.319341
21.584562
20.501741
2.781810
6.964554
22.377718
3.490960
11.040450
12.966363
17.061588
42.335309
3.578584
35.873747
9.956184
41.825261
32.054122
12.511925
22.662894
33.256282
1.936479
16.758923
22.389227
42.217541
32.961801
19.420044
5.658407
14.880315
28.432986
40.507081
16.203695
4.242865
18.774606
25.314069
17.543302
26.182820
4.580353
15.677626
29.110715
13.033970
44.225858
27.013264
30.807341
36.315659
43.843194
24.202539
40.842104
16.101486
19.747815
41.096142
44.734490
8.615125
34.244471
49.958581
16.431817
41.038250
14.577984
44.370195
11.216847
48.939258
36.616186
39.578889
6.172757
1.836879
8.415522
11.109433
44.547076
48.288323
15.239573
32.093417
16.380154
20.981215
42.720729
22.247965
19.231778
9.841222
25.094269
32.372041
39.455697
12.103331
2.657447
45.011389
3.199196
48.361039
40.621179
32.707782
9.150521
44.697963
9.642047
2.461325
48.818886
35.748073
13.754983
47.023257
6.206487
43.040465
28.545473
36.280238
10.392405
43.519670
45.847130
2.259302
22.491738
12.232715
8.960826
10.809469
36.934006
30.552826
9.002982
49.176455
21.119301
4.809331
36.628632
48.839304
16.587930
25.935996
48.015472
19.478302
41.270463
11.868468
32.593783
6.277776
41.314197
21.974658
7.680248
42.014441
43.060757
40.276757
44.807903
9.794261
28.816018
11.900577
41.209070
12.622524
20.268032
6.520424
30.562902
6.233024
29.390355
45.984313
42.168301
22.347945
26.764414
39.455629
44.876561
30.179076
13.947900
14.601950
45.271876
40.819621
13.808781
14.372937
46.563476
1.229358
1.556735
42.303342
4.541105
6.969983
18.831582
6.474540
1.276155
1.074181
1.777628
28.028521
7.827792
1.570321
7.970884
15.896323
18.400068
39.098259
1.867573
14.857131
39.356703
47.992806
40.096620
32.695190
2.125588
10.193410
18.881653
2.175826
5.546214
20.178218
3.558850
20.264136
3.149596
19.728878
5.101169
7.342474
35.776415
7.890306
4.480578
19.409333
21.250279
24.202653
21.789610
14.041496
42.970260
47.837344
13.739362
47.183544
35.216078
45.944931
23.304538
21.703214
34.704127
7.278240
7.869827
7.113458
16.072152
26.450386
27.674803
5.919738
25.817675
10.919144
27.094715
20.082084
10.761715
15.747722
49.875563
49.325199
9.912662
4.072327
39.615776
45.975367
42.689248
6.651825
27.179579
27.484258
22.418956
2.639600
7.573936
9.171605
4.601920
6.504217
9.290661
2.708132
49.680143
11.151664
17.293159
46.892300
14.079753
30.822356
23.788089
31.947344
36.274672
42.890875
1.809205
30.955946
36.759241
29.074872
25.435302
11.949067
47.544628
46.414375
46.489072
47.688938
47.451511
46.957594
31.916120
25.232694
41.785894
16.363572
18.889986
46.002259
22.017529
1.996547
2.879880
25.751673
17.557297
11.987271
43.535657
1.646670
19.743813
13.111144
9.575348
46.004081
45.377770
17.181411
46.473174
48.237331
7.256862
31.695463
14.366812
22.661861
3.192787
9.327949
43.004546
23.694058
17.907968
39.122890
18.762068
33.665571
49.173050
14.097426
41.697210
28.767956
31.595310
32.207781
49.194820
33.888052
31.674531
19.663990
39.273771
38.626754
28.749810
47.223696
43.609192
24.691610
21.332635
38.236261
5.969112
32.582584
16.567398
10.923420
21.217112
37.864538
