32.837122
41.946713
14.015255
41.918990
23.423781
34.841164
24.057672
23.294408
33.177565
31.307142
45.052266
43.868271
8.267423
26.315939
12.032654
23.849442
48.285227
40.840070
17.145495
46.668731
35.115607
12.310694
21.656757
34.332367
33.663516
20.635657
47.904271
23.088816
18.889071
20.993274
16.102641
27.522802
13.866428
16.360333
28.020413
43.636286
41.634103
22.466619
11.794310
42.668485
1.791983
44.816693
39.081209
38.792515
31.274922
4.048551
21.283308
7.964667
12.734127
43.227160
18.799148
48.701465
19.618400
16.728153
27.847681
7.073776
41.408316
34.660932
10.547160
44.399147
38.243381
9.737468
15.590124
4.118418
4.549965
6.497634
35.666617
37.820205
21.381306
24.792321
34.862433
10.366450
23.831531
28.940126
29.640036
25.915414
4.231173
42.420930
5.753061
20.727480
10.131251
27.175849
37.831720
16.156159
9.833144
6.672474
42.474843
39.491127
13.065517
28.408605
40.021491
23.835358
37.170338
24.794862
36.509112
38.566656
14.835784
3.584631
41.541161
45.162355
36.619887
44.015039
38.714430
3.020350
14.557527
12.686321
49.669099
18.064972
40.205311
18.015764
47.029542
30.072858
17.849112
19.551734
42.230025
48.742264
10.207471
31.215816
38.092138
1.797903
1.396998
40.970484
33.860362
30.924532
11.937554
42.615386
42.711566
17.836440
19.509199
10.437951
14.516879
2.762349
43.993788
49.200853
43.730947
31.672964
11.984878
48.082234
28.923129
13.275371
43.555873
28.203767
11.127466
49.148949
22.493152
9.926575
32.301483
28.245028
45.254994
11.294919
1.322669
40.964102
28.135060
32.995228
17.529711
30.930653
31.966684
30.022803
16.608446
2.508189
18.905252
30.784774
48.774300
7.194711
1.061453
33.073153
26.516096
8.198023
17.251486
31.031030
36.637383
45.613738
31.403186
48.770034
41.678271
6.105212
13.026249
48.148852
23.720821
28.139278
34.404704
34.559495
38.222331
39.933705
18.584779
5.474189
8.632132
8.978713
44.723473
31.647780
9.291490
2.308015
39.358078
36.613205
2.224150
28.350190
33.433525
32.836698
46.769258
31.035502
17.926105
49.469936
30.653753
24.181048
6.832697
3.631904
47.726696
40.875894
7.203824
44.641432
21.365990
41.635498
19.966125
22.430262
24.810222
35.005826
4.443278
31.844052
48.086526
2.520565
3.949889
38.706323
45.941780
7.523948
25.954450
30.465064
36.436262
42.750633
37.435101
42.893181
20.185295
21.364588
14.974152
20.158313
42.764833
49.978352
46.039501
24.646369
14.390892
11.039527
4.793802
45.342857
40.930307
18.885780
13.110960
28.721551
3.316609
3.137633
19.892902
10.001744
37.139361
23.362855
42.581416
22.114423
30.187536
35.378837
15.822142
43.113006
35.081966
47.643064
35.048020
9.215686
32.150963
38.157085
44.715960
25.804787
41.708643
2.057110
4.940413
1.342921
40.605686
43.688527
45.993912
16.312468
17.470628
21.070037
19.514897
31.110231
19.463113
6.436134
46.596069
36.288429
15.542425
2.959279
48.589886
40.523255
26.058063
10.954980
21.111229
41.118920
39.561961
28.717900
44.409060
26.059430
6.825158
34.383156
38.873319
23.739533
9.748766
3.145246
1.193851
3.876692
41.090481
3.860785
40.476140
21.150508
1.436711
47.390934
14.225537
28.357516
49.829679
18.707920
41.165700
45.123842
49.847561
15.156366
23.752236
1.554407
22.854249
11.908812
8.411770
23.906728
36.202672
14.431538
34.655431
14.776906
29.282443
48.118800
28.260876
16.953293
24.041623
32.186767
22.711945
15.916652
11.518730
31.193456
36.584229
9.768343
29.693999
29.232024
5.178889
6.567856
20.831457
46.231620
38.756586
14.353701
2.139436
29.665776
24.000180
21.564099
44.945680
34.996333
38.573678
39.129148
16.640612
12.985897
26.921387
2.344705
48.997744
47.278812
16.543868
36.500595
29.812298
44.654547
30.784458
34.921652
26.139699
37.186492
7.766211
48.681513
40.096506
36.913736
25.158027
5.833974
16.226117
30.720948
6.795454
31.423268
23.631726
39.360215
5.598549
46.494750
4.481424
26.761260
32.646168
28.567335
38.370015
28.967467
48.154013
36.933263
15.296852
43.025114
45.591938
7.746966
17.538016
8.219633
3.760978
6.475689
49.402287
21.017005
17.770469
23.716537
12.057740
49.612733
14.327605
7.130941
3.236462
36.405289
23.494116
28.638107
21.909859
20.801458
46.850444
13.149256
29.392524
1.667750
38.234542
45.894171
29.988817
46.836975
7.272751
39.782856
23.176534
28.871255
35.145488
2.319817
9.896585
21.735093
43.634359
24.450901
35.761340
36.841047
21.794216
30.214288
2.874595
15.388786
13.554111
5.324131
30.529799
2.918003
38.418668
16.586328
25.701728
48.417336
20.428511
12.505238
41.131665
1.759804
49.400630
41.955031
39.932276
46.721191
39.167661
24.430288
36.940017
24.860142
13.494761
30.763942
41.256828
34.182303
2.805684
48.772728
6.147671
49.889877
44.630241
20.829947
2.774807
4.558657
31.288842
36.874516
36.973830
36.910609
45.798844
24.977129
16.879308
3.235864
5.521246
24.933206
43.139676
8.916141
13.193091
37.263089
35.004128
4.594450
16.488281
19.272893
18.653105
15.540977
13.737092
31.954262
28.892967
49.231980
23.640211
21.732185
34.170753
37.103327
43.205931
16.290320
31.074243
25.690418
36.302437
10.949517
39.019609
20.711443
39.094495
49.838167
32.344839
34.758658
35.978315
17.218812
29.365603
8.517709
41.717433
17.547298
37.876148
45.739887
34.003252
23.634115
22.971802
4.495803
7.597827
2.117296
31.400514
48.794998
32.586088
39.338185
39.386508
28.940810
25.008201
25.176913
10.872373
2.248691
41.929983
23.253226
20.562972
35.990472
23.271184
23.481703
16.229757
11.517631
46.577804
37.468634
2.854682
15.521005
22.642508
19.366677
15.189487
2.994383
45.973678
24.933126
12.184065
5.470196
37.008665
39.703637
12.475281
31.350954
16.056644
22.441038
37.211323
32.076890
5.122932
15.403066
30.104424
36.081993
49.493042
13.912060
10.128814
47.931640
45.564381
19.123170
34.582008
6.418562
8.252724
26.231847
36.548059
18.070476
21.334693
17.245351
47.384388
40.242543
29.674740
40.618392
48.266589
19.236196
21.766537
16.911023
23.650879
33.892414
36.459049
14.094762
23.061413
49.055866
42.722564
43.494989
30.417443
11.448939
20.003404
7.500047
14.598935
42.897838
23.914437
38.631731
36.826911
25.286650
43.191160
34.860417
29.504722
21.810531
33.969074
30.552483
7.857462
33.970835
43.260284
21.459257
29.506672
47.976651
39.303827
7.680912
48.651131
33.606114
10.863799
14.414318
47.337881
31.424119
28.102765
49.022170
39.145859
28.466448
36.230061
1.531435
39.552318
14.773392
13.711208
21.233387
49.683756
23.509114
49.537653
2.218150
42.255301
16.539693
38.994718
21.201074
19.434799
7.599278
4.376184
41.637389
10.780150
35.063117
41.327801
21.958355
44.425578
2.255345
35.259679
45.319421
17.710938
44.963584
6.316693
44.638577
42.590827
6.694540
22.198164
6.826798
20.830817
12.797588
8.499589
47.268518
41.064594
17.078017
39.775533
24.066248
8.860832
24.047641
35.775316
2.926066
6.692763
44.350835
8.607158
5.693553
47.590557
43.845974
42.573269
33.067213
13.753508
25.886371
31.087242
2.047381
23.135837
30.530096
20.215427
27.069234
29.299960
32.112135
40.616381
27.460980
9.745688
17.995346
12.134209
13.756065
36.593467
26.096960
6.104731
25.079686
2.488485
39.947505
13.440587
12.963791
4.330092
17.845911
14.399054
30.298607
2.842117
14.512897
43.511130
23.519309
34.830717
33.281605
47.089684
42.301064
42.138526
13.618347
41.081588
25.562231
42.777333
27.958275
7.254026
7.731503
18.999900
9.808795
42.941720
41.645236
15.552124
13.220047
41.853363
20.877996
25.925351
30.430918
34.631070
3.278739
15.980913
3.478760
20.689565
45.609698
6.014509
31.061773
47.066688
16.194156
1.939896
21.358087
30.244194
34.687250
13.142690
43.237149
25.934676
25.994830
16.373285
48.678473
41.491248
10.372511
35.593656
37.071795
12.417097
36.844211
7.398938
19.564185
30.244962
19.635197
46.479214
33.997143
47.329402
39.532374
38.903522
46.410490
47.938014
31.508397
38.251676
5.639802
4.709352
44.560629
48.738782
1.299062
37.175180
19.246584
44.987271
34.052174
1.550612
37.096873
24.637032
36.104892
32.099387
43.572140
22.065829
14.216879
46.271981
10.330817
6.741199
1.939912
5.359230
42.861347
41.854422
23.702689
38.908022
37.345669
24.860211
41.787529
32.178272
11.109928
48.949513
29.568379
46.816913
47.641434
21.158802
47.093398
49.050749
7.244929
35.268292
25.025331
20.938211
28.151157
40.659010
44.157125
5.427337
45.275447
1.158394
7.246614
27.980414
34.157691
5.758303
1.278169
37.793630
37.462232
23.965818
9.253694
31.221269
22.396711
17.012174
43.206622
13.423372
22.734474
31.798168
35.347790
34.510789
32.857303
29.094265
46.333903
38.089394
2.256163
41.736296
38.062922
19.706469
2.881315
42.457966
28.651282
32.843726
15.218240
18.301462
17.243205
32.143554
2.686692
13.587143
17.818806
42.953252
47.153922
26.247584
40.449361
19.148415
1.847464
24.513964
43.094655
43.617800
42.669775
42.998268
9.449162
49.628717
9.699554
11.368808
30.190266
25.637177
44.908218
49.985955
45.914764
37.717026
26.062278
36.919923
44.907997
7.556157
30.051998
5.467209
38.081403
41.626455
25.053623
16.853870
38.860913
42.311099
34.474694
31.077514
24.337070
10.925346
35.607408
21.166071
1.645458
11.058319
11.191853
23.245480
41.155301
7.991899
10.931349
11.222004
17.550142
4.211169
36.124549
29.484990
17.434581
27.461958
2.011428
40.704048
42.261638
39.025793
16.544728
2.332247
36.200023
16.123307
46.243981
35.369668
21.849923
28.640779
35.366632
34.331197
32.453667
14.191881
43.344857
33.906565
5.227215
11.824395
6.024907
40.151733
19.125147
22.327999
23.746962
8.688706
15.245916
13.784409
5.611602
12.308149
8.854158
37.301676
34.311830
19.934592
1.234486
19.145855
21.992760
20.204037
39.166937
33.014092
36.358133
19.031927
15.605531
5.371739
28.667718
14.646154
8.638764
8.499011
34.507638
2.360408
16.863721
10.276872
14.571681
44.853919
12.180539
4.144892
7.734288
45.479154
1.837325
36.739307
45.456669
33.524795
5.326379
25.445703
32.036014
49.487179
10.241486
24.288460
13.055956
9.216860
6.188656
4.211139
39.248007
10.375494
32.620390
10.941087
41.390044
11.174884
13.492604
41.391634
48.381360
39.424119
27.345169
15.216561
27.356509
12.716262
30.220042
27.808282
30.978254
6.947613
36.671478
46.942546
14.905368
24.850355
26.805279
9.994753
43.028379
9.951689
9.428561
37.590942
5.927684
8.183568
30.417597
17.682598
6.341043
17.002390
43.545470
16.738950
45.323617
4.867430
29.210181
18.450146
7.093694
39.996678
16.086619
7.174635
5.009479
35.579570
46.270164
15.576923
22.705155
27.465382
42.824783
16.289330
16.629348
15.697649
8.339852
48.268093
17.057390
40.040106
36.882670
40.189991
3.787041
4.749819
14.365552
29.156060
49.725277
30.487317
40.621075
29.892250
27.400025
46.212174
27.012363
18.772661
43.743033
41.823598
19.560635
21.194811
15.160348
30.289473
14.207380
20.994591
16.630846
36.887418
22.690971
6.307526
6.994818
39.490970
48.036882
3.664073
42.293435
34.524647
32.382386
12.394615
5.543150
2.596312
43.858400
16.643862
4.560782
41.223263
3.298481
23.182831
11.787764
30.663223
42.482733
15.725516
13.998108
49.081787
32.328091
26.503797
43.143003
7.389967
45.199191
30.411699
4.224250
5.348279
12.296751
42.240488
21.119938
43.843541
8.281279
40.010128
23.443167
44.591358
21.930034
20.982831
29.898057
10.866559
29.573575
26.497592
36.626452
31.424435
30.485992
17.248862
3.384260
15.888483
2.332859
43.830491
12.802240
23.312807
36.529256
24.089825
17.249806
29.791468
20.649002
1.822448
8.678736
5.423903
39.814987
42.367054
17.978740
17.706834
24.466750
10.506777
19.722326
28.464450
7.091799
45.867695
19.125407
36.168694
21.753853
35.517525
46.998148
33.307083
45.172104
33.952861
26.764722
6.551176
48.200063
3.012418
2.303927
5.402320
20.167779
48.669052
26.076941
31.623527
15.607459
32.185512
2.073565
46.984533
29.090925
27.867229
6.224675
15.960457
21.013804
44.435302
17.106027
13.060782
9.626136
6.399965
28.017825
18.709506
48.304953
20.156522
16.915490
7.822333
43.224680
28.060496
32.433181
25.674043
47.103826
35.006842
27.284140
5.745182
29.562065
17.869793
21.886992
45.965688
42.480116
21.111983
34.246108
9.374194
2.821647
8.860438
18.748175
2.185795
12.199525
48.027862
28.249043
15.438287
13.666909
24.636695
16.080985
31.872529
48.069568
9.270853
20.175148
12.103306
42.334164
13.935631
12.763207
29.999019
6.689115
38.909540
23.944963
45.840840
13.651824
24.569363
9.635624
49.221729
25.230642
48.792363
36.364245
5.994496
22.377279
40.584259
41.053086
27.544974
23.777024
42.334658
2.305040
27.240631
12.122027
16.472122
32.844931
35.918543
40.675319
29.986588
23.073684
19.829176
22.621277
19.732525
34.487559
19.869741
29.947002
24.557048
41.877988
26.295516
26.084432
29.598598
36.597047
11.442454
31.775425
25.116566
39.865569
45.664713
14.570818
16.532818
13.381777
34.434724
14.127895
32.216745
6.903892
1.031467
25.456992
34.888037
22.645307
11.377081
27.906543
5.853222
46.073898
43.408161
35.820463
4.458986
26.329908
22.689240
9.447733
3.887074
13.900128
34.300498
29.254276
40.412231
26.112560
18.055827
22.333183
27.517997
41.694472
30.201780
24.556534
47.654456
10.708700
34.636502
1.132987
34.580992
2.548980
11.036168
44.889715
12.006468
40.705193
35.592325
14.445627
42.509447
9.062334
1.616287
15.676837
22.761067
26.791947
39.767604
44.517167
1.409300
15.658138
40.270314
45.415521
37.670785
18.639708
36.149006
42.038075
17.579254
47.866720
45.780657
24.855160
22.735766
2.144172
23.217403
28.607401
4.872267
36.640323
11.899523
37.232889
9.941987
21.466292
8.845797
24.744615
10.935609
48.520251
39.449249
48.682647
4.682205
28.560751
21.970092
8.915634
42.059657
30.607779
45.211052
42.558553
14.075015
11.667681
2.386491
9.069564
34.631697
32.566818
7.053250
38.066294
47.384745
43.989288
12.850017
43.041562
37.761075
35.750140
10.908887
11.896957
47.562496
27.099577
44.214449
31.918896
36.109524
41.859462
43.674128
12.797685
21.737300
8.860933
28.074734
22.529349
27.608804
26.206535
36.932326
45.789120
22.376180
26.560321
1.567066
37.319248
3.594801
8.048001
14.365950
18.484597
3.962947
47.638564
32.004604
31.051421
2.000171
25.266415
42.719050
17.507685
24.796263
31.372383
24.626747
9.585115
8.915093
17.903857
29.162173
48.869453
7.798634
47.885720
18.779924
27.989842
21.192096
43.833651
12.138172
33.167843
34.683855
24.347998
16.903759
9.921245
41.888522
30.339807
46.117966
47.585990
9.840613
2.662368
29.888572
33.343619
38.817560
5.294613
7.670635
31.723090
14.411015
48.825882
10.175928
19.332881
21.237344
13.695869
49.594743
24.142213
35.475006
1.745043
45.224288
32.302300
20.740499
47.306022
42.732510
10.962802
25.753177
3.020989
46.505256
16.836092
40.242821
37.473990
19.569683
38.207596
37.976606
1.301481
28.929242
6.431161
33.546430
13.334881
3.590797
13.204253
35.245147
36.297750
22.669852
49.992059
21.349168
1.536859
6.257559
17.617321
18.711197
25.738244
24.601999
3.987094
15.513402
49.772098
35.281978
36.629401
38.058695
30.632952
27.381254
25.268756
40.252950
12.360473
9.777357
4.855787
7.781989
11.838191
46.283066
19.788689
22.501020
16.721129
38.599820
40.537313
37.775357
23.428396
33.179271
21.316040
41.923198
31.803165
31.448473
33.602760
11.776050
21.783201
17.853610
27.984974
34.306544
10.745277
30.355278
18.302057
42.691365
7.151834
5.536963
2.826145
39.420824
28.948152
32.878258
41.928825
27.046455
22.404888
47.893216
22.632264
32.326483
37.226244
42.726665
46.652219
17.699007
47.939399
7.280424
13.569105
31.904074
17.724674
16.329175
18.559113
47.963291
10.704056
49.987892
32.652083
30.128544
34.448699
29.254258
23.347609
24.421826
35.403516
28.226999
38.354419
2.111615
3.615472
7.239214
33.331349
47.202390
22.986987
7.275883
4.287445
43.963048
38.645962
11.277505
33.483715
26.347456
19.879734
34.965128
11.587217
10.936563
45.867346
35.681954
12.481308
39.331946
17.103264
8.507896
15.847679
17.262752
30.999099
26.414161
44.481900
36.734805
39.585587
7.847006
27.896607
21.995720
33.621885
47.143850
7.612463
44.380075
43.614738
28.962641
18.504469
25.230395
6.870886
48.567330
47.390208
24.610410
48.695772
47.874194
13.144246
3.492869
24.568812
6.323953
22.553984
34.514448
47.024197
11.658993
23.174564
38.315648
5.350201
40.736771
29.481645
20.739941
22.595246
26.637938
16.006035
12.975522
23.759886
14.391922
31.621744
47.190107
29.720708
38.806232
46.835842
31.034687
5.177155
5.038629
42.704510
28.720777
14.197521
18.260306
35.099796
31.295708
40.785460
29.612300
39.223117
15.592816
44.587767
37.335240
32.188191
34.941534
26.845686
29.865471
14.493228
13.203066
25.487172
47.813847
35.775233
26.554833
36.637122
39.875135
36.771800
12.019082
40.447086
25.838973
44.006384
19.771530
19.434533
27.891803
10.653860
35.223904
21.832851
41.903326
8.217745
4.800227
19.553639
23.027206
23.180543
35.110148
17.310406
10.082367
12.307267
32.178933
2.785761
5.486478
28.441865
12.932926
29.829735
46.996623
49.747093
12.022077
38.264202
15.260817
25.829656
36.513537
43.450298
5.657501
25.403686
1.112450
6.446958
26.728773
24.637184
46.509410
31.838098
16.131252
28.966492
30.248021
34.491973
6.936427
23.018491
47.738088
4.358067
3.192378
23.465346
2.403396
6.973394
3.929804
36.751236
33.004466
21.801766
30.243332
25.543807
38.140438
16.579600
45.934337
6.989713
8.368479
1.535781
35.073438
8.523429
41.207019
1.588185
19.606106
21.156595
37.427450
29.282407
29.718945
32.368143
46.357622
5.988949
24.011044
26.460140
30.909400
40.396262
35.117165
35.662070
44.059565
39.997925
11.263349
41.889260
46.904514
16.971872
49.383062
33.413360
11.815507
25.002140
35.994387
45.153636
20.289996
39.398326
32.313404
30.808979
25.703591
13.570893
44.947550
3.233100
4.129177
21.864776
45.807061
48.569618
45.757292
14.824985
9.871537
31.488752
14.961659
35.638605
22.628623
29.435576
49.495823
30.526964
47.030968
5.457264
7.712047
14.359027
47.748358
28.116902
48.015655
17.616526
16.474159
46.036333
31.411003
4.483784
9.484402
25.447500
6.575904
28.224554
33.980565
11.319159
49.613566
41.997493
16.137784
8.263322
46.987595
14.429657
42.972593
43.218514
14.155197
46.843539
7.666523
10.413412
21.760369
22.380420
44.127851
42.495172
7.776041
26.819344
30.170978
2.427398
11.858354
36.048758
4.655061
7.316459
41.516745
22.689644
39.305638
25.142934
40.827246
5.521952
33.457305
14.924302
35.022964
42.571324
33.421624
21.985874
14.938206
29.558666
3.933592
38.805388
26.879285
38.903301
3.550225
35.902564
26.957059
15.434668
1.213648
47.016569
46.347526
35.925456
5.128050
22.007600
18.047227
29.453691
31.251628
30.305378
16.591206
20.253602
19.549839
8.317439
38.658710
49.045134
40.184158
30.778224
6.622121
19.032589
32.637117
40.156613
32.374947
14.678638
15.046171
18.609576
46.991824
18.348966
21.120431
18.868704
18.085917
32.043532
11.035359
41.048455
25.802618
10.943250
4.001532
28.871599
28.589093
46.944043
25.125258
36.961820
7.367866
25.118509
37.185174
24.854817
28.620841
46.233329
46.602227
23.681247
8.266995
48.409597
32.907365
21.769449
42.582154
29.307432
11.987519
38.222092
15.083227
33.604034
32.583658
25.018658
39.862251
33.174994
12.893389
28.280467
18.492617
39.775395
10.481262
48.536446
34.784575
16.823968
49.591147
9.299626
40.807646
46.665461
43.703447
9.910469
27.444061
19.441420
3.407106
20.777169
40.861864
22.821418
7.960979
33.454192
32.930218
19.485113
30.999247
16.185062
11.261752
48.773443
45.614124
49.361606
16.824394
45.936366
16.042897
3.675423
23.089036
41.921806
43.891920
11.283216
46.988348
46.584790
31.669469
17.162896
41.776445
43.431276
37.774896
30.959741
37.595459
8.446889
38.488429
42.488933
41.216386
15.207716
6.673625
42.283014
47.366421
30.983199
4.269038
15.866490
35.314911
19.754458
37.971989
11.565481
3.304747
42.359514
27.408569
4.234154
14.368882
32.607211
23.226997
22.294131
40.109452
33.499057
6.413972
17.999131
38.322891
23.759954
7.552637
34.747314
6.454058
4.032338
12.695019
13.188471
2.638378
32.935339
8.769569
6.786853
41.986543
41.841588
29.565443
49.313692
2.314089
6.792407
19.050991
22.244555
13.593707
20.966972
16.498318
46.534515
38.082325
32.301322
46.467795
9.772413
4.476982
15.331819
17.320299
5.468838
35.364202
39.865673
17.612899
11.090670
32.692476
34.456182
41.121971
45.010031
37.995635
21.839732
28.229499
2.174690
39.686638
19.373503
48.808606
40.231279
6.096334
43.866956
47.355499
47.743301
19.500108
7.883119
46.359827
11.938291
7.678256
23.682204
30.111885
19.140549
18.607123
36.821216
12.353703
23.009521
22.191529
1.903076
16.845668
43.690652
17.689956
34.349866
46.963035
25.744213
30.398522
12.765672
38.939197
35.957016
27.246070
18.314729
39.484888
28.330773
6.148324
24.536169
20.083067
37.956485
36.905858
16.979983
7.324212
32.365166
23.515680
44.724286
1.893750
3.024121
2.115997
13.954212
23.404276
19.489949
41.201234
40.061471
36.413893
45.923048
13.329430
33.890166
19.251169
39.201209
20.911305
34.498147
9.633692
42.816902
2.634040
38.198597
39.613811
40.514621
48.592026
22.424905
14.902229
40.799678
5.152512
14.523093
47.045963
46.380617
44.466513
33.150612
7.492780
36.665773
30.460999
39.292768
15.953665
3.965655
16.488970
11.626731
42.347517
22.734764
38.571103
9.582039
2.440848
34.423695
2.223779
25.692593
19.247743
45.131817
14.872498
18.863523
2.522773
37.271614
44.488829
12.508124
40.886279
8.603617
17.659368
18.942067
21.120164
35.468607
46.780493
42.409567
33.799696
9.639012
43.620774
9.253475
27.871484
16.693471
46.032440
40.942781
32.210209
19.136113
29.012362
47.538742
31.277799
37.939140
30.537328
29.431578
36.136225
48.285861
9.945507
36.256119
31.998020
6.673997
31.284953
27.848653
40.719737
30.515435
41.214948
49.352909
3.942771
20.992210
14.380234
45.456704
10.642386
24.766837
39.942795
49.530079
13.479387
17.100227
37.809029
34.518172
38.501220
36.174323
30.443460
8.937300
36.131047
16.520171
7.243529
47.986036
42.943927
10.298484
1.676192
3.631624
44.942543
18.911868
36.959849
18.607353
1.834503
49.339482
2.964198
16.289844
3.026195
21.481492
34.312069
14.960408
40.693051
49.588575
45.607590
43.863667
13.332507
38.516257
29.153250
21.765476
8.604689
20.259290
1.388080
22.272905
10.616250
18.036791
16.487454
31.275030
46.539791
29.958968
31.254856
27.001201
43.215657
12.252534
30.691126
16.661740
10.706844
48.631162
12.108399
36.152700
8.856939
3.609347
41.170223
26.818422
35.429376
48.877471
7.363574
5.177905
38.267656
17.676182
16.894562
17.341261
43.934364
35.764460
41.379241
40.451471
38.600174
19.519852
23.185273
14.129029
22.236678
12.848944
42.109206
25.266454
14.734303
19.539099
3.313846
30.846401
28.186002
13.063814
34.532620
1.169941
7.411704
43.442490
37.569651
26.248768
21.766947
41.516592
45.874875
40.131801
11.914030
6.597685
13.049027
23.218009
4.806893
8.930966
15.072383
40.109359
16.668877
32.875249
48.473074
47.052557
29.247429
48.117302
31.926675
44.633004
18.999099
47.983622
19.788569
27.836362
8.139462
44.187590
2.216295
37.187423
38.877217
15.388207
15.520648
11.759155
9.707796
5.333484
39.224333
40.024466
34.068969
5.387274
12.119980
18.930021
8.589632
30.503122
15.759587
9.759981
44.147541
32.474735
6.087055
24.668379
27.906670
41.466196
18.322929
31.724996
20.220106
43.863294
32.935316
30.398683
46.685248
40.528348
40.948613
42.376452
47.536071
11.484609
1.715312
23.335552
13.216259
17.617224
44.238370
33.600692
1.570514
47.133814
25.166971
6.890445
24.258326
9.150648
5.988666
36.516433
14.245222
25.997244
13.457903
7.047846
16.773202
10.868129
4.711082
38.538209
45.134752
44.439869
42.302234
26.753357
29.473326
4.923589
1.534520
7.669359
44.140128
40.440290
11.998033
18.120324
30.225411
37.802580
4.135264
35.901482
12.041714
16.295026
8.428094
26.153431
30.681938
7.901127
41.723210
1.658837
10.021140
37.364657
45.496802
29.190970
22.473347
20.911953
45.554858
47.276956
10.224042
42.243466
48.040407
48.824460
6.606587
7.916698
38.941457
39.630053
23.308675
13.186252
37.612217
2.679291
27.179428
9.901407
8.574769
44.613758
44.464700
34.812048
15.129699
38.208397
43.019105
16.882899
1.105157
37.043934
31.165238
19.331901
3.126723
45.769202
20.324018
34.985321
26.709858
24.792754
49.512484
14.520021
6.596490
35.221826
6.700259
13.543419
7.388779
13.993204
42.719751
44.453850
23.527674
46.722013
8.019628
20.216112
49.028226
33.636063
36.237446
15.506353
42.953189
22.501643
5.438728
47.710233
27.996056
10.403425
24.028224
22.063396
39.696608
43.236506
14.928451
21.707292
31.160733
21.002419
2.263403
32.615574
28.319748
18.540188
31.985970
40.913121
7.787424
29.116933
12.842030
2.126651
35.096601
43.053859
33.701290
31.438290
14.097841
31.851395
2.581633
21.343825
24.817363
32.765687
21.160751
48.073552
49.308923
1.695460
48.590859
30.685017
18.520187
12.206588
28.820878
4.957183
6.555148
6.922832
49.140302
29.644723
31.476815
16.522829
1.030918
41.148802
23.755587
33.058165
22.652766
17.465724
2.485456
9.056828
2.717496
26.053723
22.168097
44.649482
30.925328
4.967037
3.334713
30.117320
37.761589
4.116714
32.512989
28.090381
20.372043
28.548457
10.735820
10.073399
20.501225
11.798976
26.124939
22.541705
21.744925
37.594573
11.977883
34.436638
41.588948
11.456618
19.891082
32.812154
24.554307
24.514401
29.719296
44.754715
1.769100
36.039261
30.565501
36.579404
16.730774
18.277867
28.271273
43.779047
23.130251
31.818900
23.855697
38.624688
37.661386
7.098347
25.713777
15.190427
17.058665
3.014918
7.339000
26.475252
29.153243
13.090248
15.955334
42.157400
21.371060
7.670910
17.903271
10.998166
30.970155
40.948653
27.934383
42.050336
45.094411
32.227224
45.310686
47.020812
45.156591
24.765890
16.852316
22.019596
26.812209
31.173097
6.758852
24.499693
18.247436
28.276564
29.869343
44.766856
7.368840
4.115239
27.542761
13.529815
27.648600
1.654151
49.290275
35.256798
11.474525
18.715426
46.200013
18.795855
5.834609
6.115406
43.711190
33.580073
7.888525
45.961483
23.501339
3.893521
11.217409
44.297358
28.707078
36.066920
26.369226
9.153217
7.878522
32.065022
45.024801
12.598016
18.412557
30.005322
11.047808
17.684584
15.571501
33.297029
32.838098
7.333335
13.608413
34.223219
5.996013
46.620465
7.222771
32.422684
18.634775
8.968760
29.659847
36.825815
43.264140
38.177104
45.142854
8.315375
8.491645
10.654936
8.368882
39.310253
14.881283
32.946966
31.808768
28.990844
27.618417
9.037718
23.156690
7.378301
6.923864
2.085391
32.220663
40.905851
39.143089
9.204932
9.955643
18.334605
5.813326
37.641163
1.012076
2.505355
47.358455
32.271589
23.796895
48.421284
47.615789
11.232465
37.714408
42.102251
27.119229
36.209474
45.070700
29.518688
47.440567
48.142459
7.325538
35.218583
19.389659
14.119675
1.658636
15.573136
43.493758
4.484435
8.716631
46.551157
34.222993
34.305860
44.106867
35.011348
37.029137
7.176160
13.759522
17.313048
30.495221
30.693113
43.518228
25.498681
34.338930
1.944942
17.880545
38.854837
30.310108
48.898242
1.927145
40.045983
28.215425
15.999091
47.979417
36.821024
46.269685
38.592817
19.627182
22.035725
10.648936
45.461380
21.314877
39.710642
35.186099
18.381820
42.330004
23.276569
46.538203
26.172803
28.827392
34.615075
28.122215
22.481848
16.822436
17.563104
16.582627
25.965201
48.304312
2.346537
26.318858
18.949798
40.025581
3.742043
9.210017
2.271376
14.671034
48.757302
19.563673
27.640913
42.891672
16.392451
1.532717
6.455115
25.316188
27.907148
8.097231
23.689994
26.087746
24.888551
47.076176
13.177858
18.706967
21.764800
6.653873
43.357011
21.815436
35.068543
1.494919
45.076312
44.496245
5.029833
38.265064
48.741165
49.010569
1.705265
14.159293
46.742333
29.504428
41.148361
20.608306
46.326254
39.360551
16.109280
26.122010
36.555655
9.365012
1.241933
24.529730
16.582878
34.821369
34.861501
37.559256
42.332626
1.520700
41.211511
38.801385
30.694131
20.518154
28.213752
15.178569
44.395700
1.510133
41.182065
28.359762
36.125658
47.946102
38.674256
37.089965
31.639293
41.834794
36.963954
1.317444
38.238096
38.813747
17.237190
23.635769
17.123751
41.266934
42.714709
26.631519
16.956174
27.451386
24.799045
36.091229
23.363152
48.449134
14.798041
3.473619
11.674023
46.318622
3.901938
49.211834
11.323996
26.802942
45.734588
43.711211
30.769618
15.894703
7.320488
9.394912
27.571900
2.264138
24.772182
1.566097
44.520468
43.272178
22.143842
17.813336
27.734998
17.110761
21.552552
31.094596
7.861377
5.449991
30.544959
9.659714
46.566004
8.438125
27.615908
20.455837
4.038490
44.308729
36.174477
16.597260
14.223251
11.116073
10.391301
26.775429
29.774949
30.267501
15.528144
13.490556
5.477997
16.281934
16.628475
41.469258
1.977400
48.593774
21.772916
14.153201
37.374687
32.075190
38.684465
20.144005
8.405845
14.972908
29.563997
17.268675
44.011188
39.518581
43.017083
10.130592
9.989271
23.872094
46.789461
2.003029
2.528817
12.274338
19.481382
39.395419
4.805043
34.170401
9.822857
37.700046
48.560351
29.078096
44.900510
5.357546
14.673833
6.643867
48.844423
25.249574
3.572277
28.632671
15.176940
37.087067
25.461929
28.825643
27.387765
1.985537
38.052145
47.625052
22.494386
34.748303
4.817745
5.679737
8.109196
44.808668
29.424819
27.107510
36.753191
31.861430
2.024267
13.055770
30.642276
42.023131
44.232097
30.884738
11.964265
23.517107
48.955590
8.844641
48.383407
35.440826
4.675191
25.358278
18.946646
6.646624
38.977969
38.875625
29.383618
36.219660
37.966866
30.245790
2.713031
44.534828
43.631364
2.540764
16.064996
1.302466
8.567777
25.991733
16.885813
22.712159
22.741876
34.400198
15.457646
19.506702
33.162280
43.874929
16.969744
19.027364
49.300213
20.721247
48.398109
42.240859
30.622676
40.242101
47.423725
33.675162
46.094098
46.139699
12.689294
42.537109
27.606477
20.667486
11.526816
2.766478
47.046643
7.394870
25.388393
9.625454
48.806679
34.028748
22.581244
31.882169
20.809465
7.136818
11.682935
35.905075
27.768125
30.196482
5.867106
44.887914
7.427630
5.044380
40.775860
18.924771
12.060545
26.831384
34.038527
11.569626
49.334114
21.976915
22.279875
3.857161
34.724413
18.274087
34.542207
31.755761
10.626900
14.931101
15.275770
44.477633
36.105095
20.260767
35.187420
45.578244
49.857374
31.882725
2.159739
34.946474
32.543942
45.625391
5.683119
48.577470
25.556206
44.898312
10.177110
49.987943
21.109259
5.530686
24.241746
24.347805
12.965833
17.158168
41.651403
30.583403
2.149095
15.148076
24.793710
47.333907
48.042986
2.650987
37.526517
27.198971
14.676922
49.105334
16.164291
14.925162
33.528344
34.705478
13.462670
38.006039
12.326280
23.373035
46.830732
1.514765
4.330824
26.262538
47.854837
45.419334
10.948531
35.157775
27.483918
19.586549
36.765910
9.462130
48.000630
38.330330
1.716821
40.128403
31.853627
43.030722
32.196051
41.791157
13.473882
11.407088
17.890047
42.709115
2.120357
43.954737
38.777172
22.320566
10.942330
36.900253
41.919147
15.577413
6.290171
16.606921
37.535022
40.588971
16.661472
25.541922
32.648952
41.366439
17.871844
13.523424
16.087309
33.166904
19.924779
49.521205
21.901934
10.852632
9.840597
4.490496
20.434824
4.599845
13.995695
28.106891
6.315080
10.361908
8.585455
41.168050
2.846558
26.247113
21.596436
6.905831
45.472267
49.883045
28.964217
30.425060
46.006796
49.591754
38.517434
22.690871
33.903886
6.868098
24.463009
7.463492
18.523846
24.676892
29.636925
32.051811
20.920801
25.303631
13.694191
31.829372
40.158877
45.037947
27.954292
36.328398
10.714902
42.975142
41.813582
22.178941
22.024133
23.860110
7.600760
20.722302
44.587754
44.513007
48.826640
47.759883
14.436821
8.332819
41.515432
16.791753
13.328325
16.427025
33.935225
15.356065
35.680425
49.962658
30.281222
11.469389
25.270027
8.908690
39.924628
20.284492
37.420001
44.817463
43.382817
34.959368
1.698653
28.362940
33.427077
15.170546
38.289631
44.201029
4.435573
49.654884
16.510803
4.695522
26.445716
2.756291
29.906917
22.072049
4.648493
28.581270
3.276538
5.513703
42.089155
23.349863
48.101954
41.091060
29.544212
25.602477
4.137524
37.737809
1.738593
41.402201
36.597549
29.816185
19.653733
34.732769
39.868985
18.547637
2.736806
47.510079
25.957669
30.645102
28.974067
46.368601
7.239020
6.799051
32.197143
29.429020
28.323470
41.775011
15.882437
41.654273
26.660691
4.609189
19.243427
49.298617
1.304959
45.091655
44.611695
45.708341
42.735508
17.158889
39.605191
47.734671
14.026228
42.868668
34.995616
41.297628
26.783010
10.208402
2.795128
11.401715
8.718665
32.200099
18.043119
30.855139
2.818295
13.845269
3.688317
44.039066
22.457032
16.200512
47.398454
3.190211
27.810177
27.154401
31.402504
46.021351
35.995152
30.532647
40.981814
43.531638
19.099806
15.857168
12.017654
26.877289
32.976311
34.658235
34.328886
28.932708
42.763713
38.900242
32.483229
34.951182
14.466970
11.902423
42.240348
38.267307
13.583422
6.298564
3.247216
2.666367
21.681506
6.607182
39.735149
22.742585
16.816346
38.239132
12.260247
40.069147
4.830400
7.924817
9.132194
21.609288
27.080528
48.934492
30.884798
9.025376
49.306302
31.737988
33.941208
7.645369
1.916777
43.549648
28.621717
23.435848
43.699213
16.467388
36.091648
27.269282
24.862095
40.075826
18.685264
38.756502
2.728016
21.309239
29.796426
41.192212
7.072450
33.519807
4.600981
44.268150
17.777058
20.402968
22.143485
15.399935
38.070768
29.219778
5.597278
6.544957
11.120610
36.275804
7.966440
7.522818
43.188360
4.807431
41.758965
5.642883
37.739604
17.427536
39.520073
23.076284
25.068254
33.763303
25.488055
41.503955
27.733354
10.710197
33.838159
38.610742
20.182166
9.057928
35.994634
33.900687
37.087470
22.605246
36.218512
31.134263
36.646842
2.808464
25.624562
31.616032
11.265259
47.190086
45.512679
33.625084
2.055552
13.593720
24.902108
18.780321
45.458530
23.299775
44.476006
48.268684
18.197798
35.548987
48.446631
38.608341
22.068431
8.057101
22.998953
26.913504
45.913165
14.455410
29.330349
43.988825
25.251652
24.707791
6.177384
2.463059
15.197593
35.460366
4.524021
5.212596
41.343786
21.859414
4.190755
37.876947
8.709403
25.611057
4.078712
7.351040
10.880906
23.717076
14.386181
24.473503
39.229192
25.517140
23.116596
33.313819
2.065841
22.865223
32.291578
2.800387
3.237179
7.919025
38.867552
39.606675
45.740982
9.613114
47.294665
19.687619
19.774738
20.425368
37.850102
21.094035
39.600776
37.661432
2.719390
7.947491
4.398230
14.013817
33.383038
49.234137
42.244297
29.893764
33.654463
2.757528
34.394112
33.432277
43.856900
4.212134
32.391183
9.242077
16.057654
42.625510
40.667371
19.125279
5.503677
9.117313
19.585046
34.312466
33.208866
35.680903
15.409246
39.298572
27.737134
4.400904
48.540012
32.932706
8.517430
32.777578
9.411873
20.835902
3.870780
46.712683
36.565265
33.285813
27.499534
20.709764
15.507278
6.705785
45.679260
39.296001
4.059498
5.736278
25.408319
15.078983
13.097505
35.377032
49.203040
26.248612
26.765820
30.518264
20.598014
40.119364
18.204988
1.418472
38.311931
35.303471
47.527013
9.462442
2.282943
29.011869
44.395075
2.558804
36.272822
15.791398
2.999877
30.576450
16.961965
46.931739
5.361689
48.031785
44.259518
48.537156
5.680303
24.764877
18.532373
34.481690
47.775362
36.434307
45.417718
22.353936
24.519606
43.181533
39.549521
19.676415
22.406369
7.889841
30.092942
1.301360
13.559044
15.608367
45.322203
40.550805
30.597077
24.510774
18.028600
33.156669
5.958818
6.164514
44.252921
49.374294
11.982937
27.314507
5.718546
9.041310
40.606084
34.484328
5.497813
36.338572
32.898619
29.473498
13.732801
14.574932
41.628541
26.451786
27.259921
40.457016
12.561600
45.504705
33.565144
2.214728
43.331038
3.629648
24.878389
34.059238
20.526525
46.305600
11.867000
10.489760
44.650114
8.780545
8.517921
42.987175
25.873040
4.287615
44.625196
16.892740
42.118362
23.091340
10.702352
34.567452
30.069293
18.366980
20.389293
22.099772
31.007526
43.096018
5.823509
31.400991
3.482823
34.094566
23.656604
26.648252
32.933330
16.079445
35.985714
13.709792
16.049853
3.266533
22.088118
