43.907039
41.621940
4.833815
12.530124
37.453476
33.642775
45.838503
46.239577
20.851509
31.941191
42.877700
22.028624
38.783113
39.063609
21.192567
3.935070
48.567703
27.173186
34.731978
27.356277
29.788874
45.629765
47.140893
14.344868
29.784238
8.369534
6.219768
22.364221
22.462301
38.161146
45.382055
27.209158
21.730161
2.984954
4.971166
35.822972
20.990263
26.916123
11.234819
46.759522
24.486258
9.918981
28.208081
21.366851
47.666553
24.909892
13.737210
2.934920
22.499956
31.365803
6.391944
14.344167
19.821830
47.618386
23.455444
29.423096
3.318322
34.247684
32.890507
9.639501
31.290754
25.019385
47.037845
33.026562
43.800977
7.151445
40.630065
9.380432
2.363113
19.334852
33.736531
35.691432
35.105757
7.966805
29.113704
3.304169
41.354570
22.317448
37.220473
36.197253
11.378386
32.651146
1.426223
16.281317
46.871886
46.861724
31.810856
46.511980
39.265479
10.261689
29.052915
38.320233
8.483415
27.762112
36.976596
38.347375
9.690475
29.088806
28.772659
18.338457
3.544495
15.347158
32.385772
4.052219
22.642468
49.723849
44.870197
41.593021
14.457654
1.230734
3.246392
27.640102
41.020283
33.150654
19.317371
25.297501
25.678741
35.615382
11.644359
38.619225
8.840043
24.712356
30.784368
2.306585
12.571376
36.800011
12.949835
37.879369
36.923048
46.198562
30.753309
39.248421
16.038527
12.199612
27.788492
3.906701
16.035661
11.439901
